10650
5089
6150
6168
16800
11257
28057
4833
3740
3492
4118
8325
7858
16183
7170
466
5918
5343
13088
5809
18897
5584
3151
2729
5327
8313
8478
16791
17820
5555
12068
11511
29888
17066
46954
10417
6891
6221
9445
16638
16336
32974
28237
12446
18289
20956
46526
33402
79928
4377
3186
2535
2504
6912
5690
12602
2334
2782
2653
2994
4987
5776
10763
3858
375
2701
3274
6559
3649
10208
2778
3002
1975
3680
4753
6682
11435
8235
3561
5236
5778
13471
9339
22810
5112
5784
4628
6674
9740
12458
22198
13347
9345
9864
12452
23211
21797
45008
5443
5373
4476
3260
9919
8633
18552
446
407
349
358
795
765
1560
6599
600
4055
4642
10654
5242
15896
4179
4258
2995
3670
7174
7928
15102
12042
5973
8531
7902
20573
13875
34448
4625
4665
3344
4028
7969
8693
16662
16667
10638
11875
11930
28542
22568
51110
4772
2616
4635
2811
9407
5427
14834
2200
2237
2111
2975
4311
5212
9523
2915
355
1756
3186
4671
3541
8212
3607
2697
2257
5301
5864
7998
13862
7687
2971
6391
5997
14078
8968
23046
5807
4934
4368
8276
10175
13210
23385
13494
7905
10759
14273
24253
22178
46431
16093
10462
10626
9428
26719
19890
46609
5279
4147
3841
4476
9120
8623
17743
13769
1066
9973
9985
23742
11051
34793
9763
7409
5724
8997
15487
16406
31893
29862
11528
20599
19413
50461
30941
81402
15042
11556
9565
13473
24607
25029
49636
44904
23084
30164
32886
75068
55970
131038
9149
5802
7170
5315
16319
11117
27436
4534
5019
4764
5969
9298
10988
20286
6773
730
4457
6460
11230
7190
18420
6385
5699
4232
8981
10617
14680
25297
15922
6532
11627
11775
27549
18307
45856
10919
10718
8996
14950
19915
25668
45583
26841
17250
20623
26725
47464
43975
91439
25242
16264
17796
14743
43038
31007
74045
9813
9166
8605
10445
18418
19611
38029
20542
1796
14430
16445
34972
18241
53213
16148
13108
9956
17978
26104
31086
57190
45784
18060
32226
31188
78010
49248
127258
25961
22274
18561
28423
44522
50697
95219
71745
40334
50787
59611
122532
99945
222477
5927
3111
3012
2924
8939
6035
14974
5113
3943
3120
4071
8233
8014
16247
3978
384
2688
3544
6666
3928
10594
2705
2210
1604
3139
4309
5349
9658
9905
3495
5700
6468
15605
9963
25568
7818
6153
4724
7210
12542
13363
25905
17723
9648
10424
13678
28147
23326
51473
3099
3244
1962
1991
5061
5235
10296
2757
3734
2968
4054
5725
7788
13513
4392
647
3234
3884
7626
4531
12157
2695
4193
1967
4580
4662
8773
13435
7491
3891
5196
5875
12687
9766
22453
5452
7927
4935
8634
10387
16561
26948
12943
11818
10131
14509
23074
26327
49401
4499
4972
3152
2467
7651
7439
15090
587
638
474
405
1061
1043
2104
4425
585
3012
3881
7437
4466
11903
3263
4767
2496
3300
5759
8067
13826
8924
5557
6164
6348
15088
11905
26993
3850
5405
2970
3705
6820
9110
15930
12774
10962
9134
10053
21908
21015
42923
3887
3473
2119
3346
6006
6819
12825
3412
3656
2949
4478
6361
8134
14495
3744
491
2365
3537
6109
4028
10137
3827
3720
2360
5386
6187
9106
15293
7631
3964
4484
6883
12115
10847
22962
7239
7376
5309
9864
12548
17240
29788
14870
11340
9793
16747
24663
28087
52750
10426
8083
6164
5391
16590
13474
30064
5700
4581
3594
4476
9294
9057
18351
8403
969
5700
7425
14103
8394
22497
5968
6977
4100
6439
10068
13416
23484
18829
9052
11864
12816
30693
21868
52561
11668
11558
7694
10915
19362
22473
41835
30497
20610
19558
23731
50055
44341
94396
6986
6717
4081
5337
11067
12054
23121
6169
7390
5917
8532
12086
15922
28008
8136
1138
5599
7421
13735
8559
22294
6522
7913
4327
9966
10849
17879
28728
15122
7855
9680
12758
24802
20613
45415
12691
15303
10244
18498
22935
33801
56736
27813
23158
19924
31256
47737
54414
102151
17412
14800
10245
10728
27657
25528
53185
11869
11971
9511
13008
21380
24979
46359
16539
2107
11299
14846
27838
16953
44791
12490
14890
8427
16405
20917
31295
52212
33951
16907
21544
25574
55495
42481
97976
24359
26861
17938
29413
42297
56274
98571
58310
43768
39482
54987
97792
98755
196547
5892
3484
4023
3213
9915
6697
16612
5283
4642
4513
4797
9796
9439
19235
6035
578
4433
4435
10468
5013
15481
2791
2365
1911
2936
4702
5301
10003
11927
4062
8456
7648
20383
11710
32093
8074
7007
6424
7733
14498
14740
29238
20001
11069
14880
15381
34881
26450
61331
497
512
328
315
825
827
1652
365
548
482
380
847
928
1775
561
163
465
417
1026
580
1606
287
396
210
361
497
757
1254
1058
675
793
732
1851
1407
3258
652
944
692
741
1344
1685
3029
1710
1619
1485
1473
3195
3092
6287
4771
5276
4108
2526
8879
7802
16681
527
636
550
462
1077
1098
2175
4266
725
3309
4145
7575
4870
12445
3159
4511
2761
3120
5920
7631
13551
9037
6001
7417
6671
16454
12672
29126
3686
5147
3311
3582
6997
8729
15726
12723
11148
10728
10253
23451
21401
44852
4583
3253
3261
2615
7844
5868
13712
3590
3869
3768
4644
7358
8513
15871
3953
662
2660
4037
6613
4699
11312
2446
3011
2032
4152
4478
7163
11641
8536
3915
5921
6652
14457
10567
25024
6036
6880
5800
8796
11836
15676
27512
14572
10795
11721
15448
26293
26243
52536
10663
8760
8131
5739
18794
14499
33293
5810
5278
5063
5259
10873
10537
21410
10301
1303
7742
8580
18043
9883
27926
5950
6876
4672
6056
10622
12932
23554
20964
10063
15873
14319
36837
24382
61219
11760
12154
9735
11315
21495
23469
44964
32724
22217
25608
25634
58332
47851
106183
5080
3765
3589
2930
8669
6695
15364
3955
4417
4250
5024
8205
9441
17646
4514
825
3125
4454
7639
5279
12918
2733
3407
2242
4513
4975
7920
12895
9594
4590
6714
7384
16308
11974
28282
6688
7824
6492
9537
13180
17361
30541
16282
12414
13206
16921
29488
29335
58823
15743
12525
11720
8669
27463
21194
48657
9765
9695
9313
10283
19078
19978
39056
14815
2128
10867
13034
25682
15162
40844
8683
10283
6914
10569
15597
20852
36449
30558
14653
22587
21703
53145
36356
89501
18448
19978
16227
20852
34675
40830
75505
49006
34631
38814
42555
87820
77186
165006
5709
2135
2469
2765
8178
4900
13078
2551
1883
1741
2604
4292
4487
8779
5050
324
1731
3430
6781
3754
10535
2706
1685
1334
2806
4040
4491
8531
10759
2459
4200
6195
14959
8654
23613
5257
3568
3075
5410
8332
8978
17310
16016
6027
7275
11605
23291
17632
40923
2082
1829
1455
1462
3537
3291
6828
1555
1803
1537
2506
3092
4309
7401
2391
273
1707
2489
4098
2762
6860
2707
2543
1425
3270
4132
5813
9945
4473
2102
3162
3951
7635
6053
13688
4262
4346
2962
5776
7224
10122
17346
8735
6448
6124
9727
14859
16175
31034
2609
2416
1733
1592
4342
4008
8350
440
294
210
291
650
585
1235
1728
283
1324
2049
3052
2332
5384
2532
2911
1706
2650
4238
5561
9799
4337
2699
3057
3641
7394
6340
13734
2972
3205
1916
2941
4888
6146
11034
7309
5904
4973
6582
12282
12486
24768
3847
2899
2616
2854
6463
5753
12216
2295
2404
2081
3185
4376
5589
9965
2513
387
1637
3059
4150
3446
7596
4391
3451
2669
6068
7060
9519
16579
6360
3286
4253
5913
10613
9199
19812
6686
5855
4750
9253
11436
15108
26544
13046
9141
9003
15166
22049
24307
46356
8318
4551
4202
4357
12520
8908
21428
2991
2177
1951
2895
4942
5072
10014
6778
607
3055
5479
9833
6086
15919
5238
4596
3040
5456
8278
10052
18330
15096
5158
7257
9836
22353
14994
37347
8229
6773
4991
8351
13220
15124
28344
23325
11931
12248
18187
35573
30118
65691
5929
4728
4071
4316
10000
9044
19044
3850
4207
3618
5691
7468
9898
17366
4904
660
3344
5548
8248
6208
14456
7098
5994
4094
9338
11192
15332
26524
10833
5388
7415
9864
18248
15252
33500
10948
10201
7712
15029
18660
25230
43890
21781
15589
15127
24893
36908
40482
77390
14247
9279
8273
8673
22520
17952
40472
6841
6384
5569
8586
12410
14970
27380
11682
1267
6399
11027
18081
12294
30375
12336
10590
7134
14794
19470
25384
44854
25929
10546
14672
19700
40601
30246
70847
19177
16974
12703
23380
31880
40354
72234
45106
27520
27375
43080
72481
70600
143081
16542
8573
10173
9381
26715
17954
44669
10116
8382
8005
8915
18121
17297
35418
13205
1044
10351
9778
23556
10822
34378
8375
5516
4640
8263
13015
13779
26794
29747
9617
20524
19159
50271
28776
79047
18491
13898
12645
17178
31136
31076
62212
48238
23515
33169
36337
81407
59852
141259
4874
3698
2863
2819
7737
6517
14254
2699
3330
3135
3374
5834
6704
12538
4419
538
3166
3691
7585
4229
11814
3065
3398
2185
4041
5250
7439
12689
9293
4236
6029
6510
15322
10746
26068
5764
6728
5320
7415
11084
14143
25227
15057
10964
11349
13925
26406
24889
51295
10214
10649
8584
5786
18798
16435
35233
973
1043
899
820
1872
1863
3735
10865
1325
7364
8787
18229
10112
28341
7338
8769
5756
6790
13094
15559
28653
21079
11974
15948
14573
37027
26547
63574
8311
9812
6655
7610
14966
17422
32388
29390
21786
22603
22183
51993
43969
95962
9355
5869
7896
5426
17251
11295
28546
5790
6106
5879
7619
11669
13725
25394
6868
1017
4416
7223
11284
8240
19524
6053
5708
4289
9453
10342
15161
25503
16223
6886
12312
12649
28535
19535
48070
11843
11814
10168
17072
22011
28886
50897
28066
18700
22480
29721
50546
48421
98967
26756
19222
18757
15167
45513
34389
79902
11089
9425
8904
9735
19993
19160
39153
24070
2369
17715
18565
41785
20934
62719
15713
14285
10396
15053
26109
29338
55447
50826
21591
36472
33732
87298
55323
142621
26802
23710
19300
24788
46102
48498
94600
77628
45301
55772
58520
133400
103821
237221
14229
9567
10759
8245
24988
17812
42800
8489
9436
9014
10993
17503
20429
37932
11287
1555
7582
10914
18869
12469
31338
9118
9106
6474
13494
15592
22600
38192
25516
11122
18341
19159
43857
30281
74138
17607
18542
15488
24487
33095
43029
76124
43123
29664
33829
43646
76952
73310
150262
40985
28789
29516
23412
70501
52201
122702
19578
18861
17918
20728
37496
39589
77085
35357
3924
25297
29479
60654
33403
94057
24831
23391
16870
28547
41701
51938
93639
76342
32713
54813
52891
131155
85604
216759
44409
42252
34788
49275
79197
91527
170724
120751
74965
89601
102166
210352
177131
387483
11636
5246
5481
5689
17117
10935
28052
7664
5826
4861
6675
12525
12501
25026
9028
708
4419
6974
13447
7682
21129
5411
3895
2938
5945
8349
9840
18189
20664
5954
9900
12663
30564
18617
49181
13075
9721
7799
12620
20874
22341
43215
33739
15675
17699
25283
51438
40958
92396
5181
5073
3417
3453
8598
8526
17124
4312
5537
4505
6560
8817
12097
20914
6783
920
4941
6373
11724
7293
19017
5402
6736
3392
7850
8794
14586
23380
11964
5993
8358
9826
20322
15819
36141
9714
12273
7897
14410
17611
26683
44294
21678
18266
16255
24236
37933
42502
80435
7108
7388
4885
4059
11993
11447
23440
1027
932
684
696
1711
1628
3339
6153
868
4336
5930
10489
6798
17287
5795
7678
4202
5950
9997
13628
23625
13261
8256
9221
9989
22482
18245
40727
6822
8610
4886
6646
11708
15256
26964
20083
16866
14107
16635
34190
33501
67691
7734
6372
4735
6200
12469
12572
25041
5707
6060
5030
7663
10737
13723
24460
6257
878
4002
6596
10259
7474
17733
8218
7171
5029
11454
13247
18625
31872
13991
7250
8737
12796
22728
20046
42774
13925
13231
10059
19117
23984
32348
56332
27916
20481
18796
31913
46712
52394
99106
18744
12634
10366
9748
29110
22382
51492
8691
6758
5545
7371
14236
14129
28365
15181
1576
8755
12904
23936
14480
38416
11206
11573
7140
11895
18346
23468
41814
33925
14210
19121
22652
53046
36862
89908
19897
18331
12685
19266
32582
37597
70179
53822
32541
31806
41918
85628
74459
160087
12915
11445
8152
9653
21067
21098
42165
10019
11597
9535
14223
19554
25820
45374
13040
1798
8943
12969
21983
14767
36750
13620
13907
8421
19304
22041
33211
55252
25955
13243
17095
22622
43050
35865
78915
23639
25504
17956
33527
41595
59031
100626
49594
38747
35051
56149
84645
94896
179541
31659
24079
18518
19401
50177
43480
93657
18710
18355
15080
21594
33790
39949
73739
28221
3374
17698
25873
45919
29247
75166
24826
25480
15561
31199
40387
56679
97066
59880
27453
36216
45274
96096
72727
168823
43536
43835
30641
52793
74177
96628
170805
103416
71288
66857
98067
170273
169355
339628
28178
13819
15654
15070
43832
28889
72721
17780
14208
12866
15590
30646
29798
60444
22233
1752
14770
16752
37003
18504
55507
13786
9411
7578
14208
21364
23619
44983
50411
15571
30424
31822
80835
47393
128228
31566
23619
20444
29798
52010
53417
105427
81977
39190
50868
61620
132845
100810
233655
10055
8771
6280
6272
16335
15043
31378
7011
8867
7640
9934
14651
18801
33452
11202
1458
8107
10064
19309
11522
30831
8467
10134
5577
11891
14044
22025
36069
21257
10229
14387
16336
35644
26565
62209
15478
19001
13217
21825
28695
40826
69521
36735
29230
27604
38161
64339
67391
131730
17322
18037
13469
9845
30791
27882
58673
2000
1975
1583
1516
3583
3491
7074
17018
2193
11700
14717
28718
16910
45628
13133
16447
9958
12740
23091
29187
52278
34340
20230
25169
24562
59509
44792
104301
15133
18422
11541
14256
26674
32678
59352
49473
38652
36710
38818
86183
77470
163653
17089
12241
12631
11626
29720
23867
53587
11497
12166
10909
15282
22406
27448
49854
13125
1895
8418
13819
21543
15714
37257
14271
12879
9318
20907
23589
33786
57375
30214
14136
21049
25445
51263
39581
90844
25768
25045
20227
36189
45995
61234
107229
55982
39181
41276
61634
97258
100815
198073
45500
31856
29123
24915
74623
56771
131394
19780
16183
14449
17106
34229
33289
67518
39251
3945
26470
31469
65721
35414
101135
26919
25858
17536
26948
44455
52806
97261
84751
35801
55593
56384
140344
92185
232529
46699
42041
31985
44054
78684
86095
164779
131450
77842
87578
100438
219028
178280
397308
27144
21012
18911
17898
46055
38910
84965
18508
21033
18549
25216
37057
46249
83306
24327
3353
16525
23883
40852
27236
68088
22738
23013
14895
32798
37633
55811
93444
51471
24365
35436
41781
86907
66146
153053
41246
44046
33444
58014
74690
102060
176750
92717
68411
68880
99795
161597
168206
329803
72644
52868
48034
42813
120678
95681
216359
38288
37216
32998
42322
71286
79538
150824
63578
7298
42995
55352
106573
62650
169223
49657
48871
32431
59746
82088
108617
190705
136222
60166
91029
98165
227251
158331
385582
87945
86087
65429
102068
153374
188155
341529
224167
146253
156458
200233
380625
346486
727111
4566
2855
3313
2645
7879
5500
13379
2064
1940
1718
1984
3782
3924
7706
2824
265
2103
2359
4927
2624
7551
2330
1555
1400
2203
3730
3758
7488
7390
3120
5416
5004
12806
8124
20930
4394
3495
3118
4187
7512
7682
15194
11784
6615
8534
9191
20318
15806
36124
2887
4069
2111
1632
4998
5701
10699
2410
3088
2684
2647
5094
5735
10829
2805
467
2161
2419
4966
2886
7852
2807
3089
2391
2968
5198
6057
11255
5692
4536
4272
4051
9964
8587
18551
5217
6177
5075
5615
10292
11792
22084
10909
10713
9347
9666
20256
20379
40635
2650
3111
2451
1374
5101
4485
9586
286
323
282
198
568
521
1089
2416
330
1909
1956
4325
2286
6611
2779
3041
2309
1942
5088
4983
10071
5066
3441
4360
3330
9426
6771
16197
3065
3364
2591
2140
5656
5504
11160
8131
6805
6951
5470
15082
12275
27357
2166
1510
1371
1360
3537
2870
6407
1279
1482
1404
1856
2683
3338
6021
1349
210
896
1627
2245
1837
4082
2245
1790
1381
2676
3626
4466
8092
3515
1720
2267
2987
5782
4707
10489
3524
3272
2785
4532
6309
7804
14113
7039
4992
5052
7519
12091
12511
24602
7216
5966
5764
4019
12980
9985
22965
2350
2263
2000
2182
4350
4445
8795
5240
595
4012
4315
9252
4910
14162
5109
4596
3709
4145
8818
8741
17559
12456
6561
9776
8334
22232
14895
37127
7459
6859
5709
6327
13168
13186
26354
19915
13420
15485
14661
35400
28081
63481
5053
5579
3482
2992
8535
8571
17106
3689
4570
4088
4503
7777
9073
16850
4154
677
3057
4046
7211
4723
11934
5052
4879
3772
5644
8824
10523
19347
9207
6256
6539
7038
15746
13294
29040
8741
9449
7860
10147
16601
19596
36197
17948
15705
14399
17185
32347
32890
65237
12269
11545
9246
7011
21515
18556
40071
6039
6833
6088
6685
12127
13518
25645
9394
1272
7069
8361
16463
9633
26096
10161
9475
7481
9789
17642
19264
36906
21663
12817
16315
15372
37978
28189
66167
16200
16308
13569
16474
29769
32782
62551
37863
29125
29884
31846
67747
60971
128718
2927
1845
1631
1664
4558
3509
8067
1990
2878
1700
2658
3690
5536
9226
2147
271
1355
2328
3502
2599
6101
1312
1456
909
1747
2221
3203
5424
5074
2116
2986
3992
8060
6108
14168
3302
4334
2609
4405
5911
8739
14650
8376
6450
5595
8397
13971
14847
28818
2081
2665
1634
1362
3715
4027
7742
1960
2262
2512
3290
4472
5552
10024
3116
862
2339
3008
5455
3870
9325
2138
4261
1972
4168
4110
8429
12539
5197
3527
3973
4370
9170
7897
17067
4098
6523
4484
7458
8582
13981
22563
9295
10050
8457
11828
17752
21878
39630
3027
4604
2847
1647
5874
6251
12125
530
958
676
507
1206
1465
2671
3160
762
2294
3254
5454
4016
9470
2383
4559
2120
2797
4503
7356
11859
6187
5366
5141
4901
11328
10267
21595
2913
5517
2796
3304
5709
8821
14530
9100
10883
7937
8205
17037
19088
36125
2407
2571
1505
1742
3912
4313
8225
2535
4500
2598
4333
5133
8833
13966
2114
485
1380
2628
3494
3113
6607
2954
5086
2257
5871
5211
10957
16168
4521
3056
2885
4370
7406
7426
14832
5489
9586
4855
10204
10344
19790
30134
10010
12642
7740
14574
17750
27216
44966
5954
6449
4478
3311
10432
9760
20192
2520
3836
2376
3165
4896
7001
11897
5307
1033
3649
5582
8956
6615
15571
3695
6015
3029
4544
6724
10559
17283
11261
7482
8127
8893
19388
16375
35763
6215
9851
5405
7709
11620
17560
29180
17476
17333
13532
16602
31008
33935
64943
4488
5236
3139
3104
7627
8340
15967
4495
6762
5110
7623
9605
14385
23990
5230
1347
3719
5636
8949
6983
15932
5092
9347
4229
10039
9321
19386
28707
9718
6583
6858
8740
16576
15323
31899
9587
16109
9339
17662
18926
33771
52697
19305
22692
16197
26402
35502
49094
84596
10442
11685
7617
6415
18059
18100
36159
7015
10598
7486
10788
14501
21386
35887
10537
2380
7368
11218
17905
13598
31503
8787
15362
7258
14583
16045
29945
45990
20979
14065
14985
17633
35964
31698
67662
15802
25960
14744
25371
30546
51331
81877
36781
40025
29729
43004
66510
83029
149539
3886
2413
3043
2084
6929
4497
11426
3583
4391
3871
3749
7454
8140
15594
3513
480
2637
2974
6150
3454
9604
1907
1486
1370
2043
3277
3529
6806
7399
2893
5680
5058
13079
7951
21030
5490
5877
5241
5792
10731
11669
22400
12889
8770
10921
10850
23810
19620
43430
457
745
452
239
909
984
1893
443
883
751
567
1194
1450
2644
565
396
625
495
1190
891
2081
463
572
295
329
758
901
1659
1022
1141
1077
734
2099
1875
3974
906
1455
1046
896
1952
2351
4303
1928
2596
2123
1630
4051
4226
8277
3091
4375
3305
1508
6396
5883
12279
485
791
678
471
1163
1262
2425
3069
686
2458
2896
5527
3582
9109
2565
4033
2745
2847
5310
6880
12190
6160
5061
5763
4404
11923
9465
21388
3050
4824
3423
3318
6473
8142
14615
9210
9885
9186
7722
18396
17607
36003
2930
2544
2137
1649
5067
4193
9260
3025
4099
3886
4478
6911
8577
15488
2450
585
1762
3143
4212
3728
7940
2376
2601
1715
3573
4091
6174
10265
5380
3129
3899
4792
9279
7921
17200
5401
6700
5601
8051
11002
14751
25753
10781
9829
9500
12843
20281
22672
42953
6977
6788
6348
3592
13325
10380
23705
4068
5182
4549
4220
8617
9402
18019
6582
1166
5095
5870
11677
7036
18713
4472
5519
4115
4890
8587
10409
18996
13559
7954
11443
9462
25002
17416
42418
8540
10701
8664
9110
17204
19811
37015
22099
18655
20107
18572
42206
37227
79433
3387
3289
2589
1888
5976
5177
11153
3468
4982
4637
5045
8105
10027
18132
3015
981
2387
3638
5402
4619
10021
2839
3173
2010
3902
4849
7075
11924
6402
4270
4976
5526
11378
9796
21174
6307
8155
6647
8947
12954
17102
30056
12709
12425
11623
14473
24332
26898
51230
10364
10077
8937
5480
19301
15557
34858
7536
10164
9186
9265
16722
19429
36151
9597
2147
7482
9508
17079
11655
28734
7311
8692
6125
8792
13436
17484
30920
19961
12224
16419
14988
36380
27212
63592
14847
18856
15311
18057
30158
36913
67071
34808
31080
31730
33045
66538
64125
130663
3741
2009
2200
2656
5941
4665
10606
2606
2854
2057
3229
4663
6083
10746
2649
291
1484
2101
4133
2392
6525
2310
2114
1375
4681
3685
6795
10480
6390
2300
3684
4757
10074
7057
17131
4916
4968
3432
7910
8348
12878
21226
11306
7268
7116
12667
18422
19935
38357
2532
2710
2399
1763
4931
4473
9404
2397
3500
3219
4273
5616
7773
13389
3015
598
2664
3155
5679
3753
9432
4066
4368
2489
4668
6555
9036
15591
5547
3308
5063
4918
10610
8226
18836
6463
7868
5708
8941
12171
16809
28980
12010
11176
10771
13859
22781
25035
47816
2537
2667
2333
1496
4870
4163
9033
443
485
417
363
860
848
1708
2173
353
1603
2053
3776
2406
6182
2467
3522
2105
2565
4572
6087
10659
4710
3020
3936
3549
8646
6569
15215
2910
4007
2522
2928
5432
6935
12367
7620
7027
6458
6477
14078
13504
27582
3089
3300
2248
2460
5337
5760
11097
2911
3782
3119
4092
6030
7874
13904
2524
452
1706
3065
4230
3517
7747
4734
4594
3385
6341
8119
10935
19054
5613
3752
3954
5525
9567
9277
18844
7645
8376
6504
10433
14149
18809
32958
13258
12128
10458
15958
23716
28086
51802
6278
4676
4533
4152
10811
8828
19639
3049
3339
2474
3592
5523
6931
12454
4822
644
3087
4154
7909
4798
12707
4777
5636
3480
7246
8257
12882
21139
11100
5320
7620
8306
18720
13626
32346
7826
8975
5954
10838
13780
19813
33593
18926
14295
13574
19144
32500
33439
65939
5621
6010
4647
4223
10268
10233
20501
5308
7282
6338
8365
11646
15647
27293
5539
1050
4370
6220
9909
7270
17179
8800
8962
5874
11009
14674
19971
34645
11160
7060
9017
10443
20177
17503
37680
14108
16244
12212
19374
26320
35618
61938
25268
23304
21229
29817
46497
53121
99618
11899
10686
9180
8375
21079
19061
40140
8357
10621
8812
11957
17169
22578
39747
10361
1694
7457
10374
17818
12068
29886
13577
14598
9354
18255
22931
32853
55784
22260
12380
16637
18749
38897
31129
70026
21934
25219
18166
30212
40100
55431
95531
44194
37599
34803
48961
78997
86560
165557
8452
5268
6356
4729
14808
9997
24805
5647
6331
5589
5733
11236
12064
23300
6337
745
4740
5333
11077
6078
17155
4237
3041
2770
4246
7007
7287
14294
14789
6013
11096
10062
25885
16075
41960
9884
9372
8359
9979
18243
19351
37594
24673
15385
19455
20041
44128
35426
79554
3344
4814
2563
1871
5907
6685
12592
2853
3971
3435
3214
6288
7185
13473
3370
863
2786
2914
6156
3777
9933
3270
3661
2686
3297
5956
6958
12914
6714
5677
5349
4785
12063
10462
22525
6123
7632
6121
6511
12244
14143
26387
12837
13309
11470
11296
24307
24605
48912
5741
7486
5756
2882
11497
10368
21865
771
1114
960
669
1731
1783
3514
5485
1016
4367
4852
9852
5868
15720
5344
7074
5054
4789
10398
11863
22261
11226
8502
10123
7734
21349
16236
37585
6115
8188
6014
5458
12129
13646
25775
17341
16690
16137
13192
33478
29882
63360
5096
4054
3508
3009
8604
7063
15667
4304
5581
5290
6334
9594
11915
21509
3799
795
2658
4770
6457
5565
12022
4621
4391
3096
6249
7717
10640
18357
8895
4849
6166
7779
15061
12628
27689
8925
9972
8386
12583
17311
22555
39866
17820
14821
14552
20362
32372
35183
67555
14193
12754
12112
7611
26305
20365
46670
6418
7445
6549
6402
12967
13847
26814
11822
1761
9107
10185
20929
11946
32875
9581
10115
7824
9035
17405
19150
36555
26015
14515
21219
17796
47234
32311
79545
15999
17560
14373
15437
30372
32997
63369
42014
32075
35592
33233
77606
65308
142914
8440
8868
6071
4880
14511
13748
28259
7157
9552
8725
9548
15882
19100
34982
7169
1658
5444
7684
12613
9342
21955
7891
8052
5782
9546
13673
17598
31271
15609
10526
11515
12564
27124
23090
50214
15048
17604
14507
19094
29555
36698
66253
30657
28130
26022
31658
56679
59788
116467
22633
21622
18183
12491
40816
34113
74929
13575
16997
15274
15950
28849
32947
61796
18991
3419
14551
17869
33542
21288
54830
17472
18167
13606
18581
31078
36748
67826
41624
25041
32734
30360
74358
55401
129759
31047
35164
28880
34531
59927
69695
129622
72671
60205
61614
64891
134285
125096
259381
6668
3854
3831
4320
10499
8174
18673
4596
5732
3757
5887
8353
11619
19972
4796
562
2839
4429
7635
4991
12626
3622
3570
2284
6428
5906
9998
15904
11464
4416
6670
8749
18134
13165
31299
8218
9302
6041
12315
14259
21617
35876
19682
13718
12711
21064
32393
34782
67175
4613
5375
4033
3125
8646
8500
17146
4357
5762
5731
7563
10088
13325
23413
6131
1460
5003
6163
11134
7623
18757
6204
8629
4461
8836
10665
17465
28130
10744
6835
9036
9288
19780
16123
35903
10561
14391
10192
16399
20753
30790
51543
21305
21226
19228
25687
40533
46913
87446
5564
7271
5180
3143
10744
10414
21158
973
1443
1093
870
2066
2313
4379
5333
1115
3897
5307
9230
6422
15652
4850
8081
4225
5362
9075
13443
22518
10897
8386
9077
8450
19974
16836
36810
5823
9524
5318
6232
11141
15756
26897
16720
17910
14395
14682
31115
32592
63707
5496
5871
3753
4202
9249
10073
19322
5446
8282
5717
8425
11163
16707
27870
4638
937
3086
5693
7724
6630
14354
7688
9680
5642
12212
13330
21892
35222
10134
6808
6839
9895
16973
16703
33676
13134
17962
11359
20637
24493
38599
63092
23268
24770
18198
30532
41466
55302
96768
12232
11125
9011
7463
21243
18588
39831
5569
7175
4850
6757
10419
13932
24351
10129
1677
6736
9736
16865
11413
28278
8472
11651
6509
11790
14981
23441
38422
22361
12802
15747
17199
38108
30001
68109
14041
18826
11359
18547
25400
37373
62773
36402
31628
27106
35746
63508
67374
130882
10109
11246
7786
7327
17895
18573
36468
9803
14044
11448
15988
21251
30032
51283
10769
2397
8089
11856
18858
14253
33111
13892
18309
10103
21048
23995
39357
63352
20878
13643
15875
19183
36753
32826
69579
23695
32353
21551
37036
45246
69389
114635
44573
45996
37426
56219
81999
102215
184214
22341
22371
16797
14790
39138
37161
76299
15372
21219
16298
22745
31670
43964
75634
20898
4074
14825
21592
35723
25666
61389
22364
29960
16612
32838
38976
62798
101774
43239
26445
31622
36382
74861
62827
137688
37736
51179
32910
55583
70646
106762
177408
80975
77624
64532
91965
145507
169589
315096
15120
9122
10187
9049
25307
18171
43478
10243
12063
9346
11620
19589
23683
43272
11133
1307
7579
9762
18712
11069
29781
7859
6611
5054
10674
12913
17285
30198
26253
10429
17766
18811
44019
29240
73259
18102
18674
14400
22294
32502
40968
73470
44355
29103
32166
41105
76521
70208
146729
7957
10189
6596
4996
14553
15185
29738
7210
9733
9166
10777
16376
20510
36886
9501
2323
7789
9077
17290
11400
28690
9474
12290
7147
12133
16621
24423
41044
17458
12512
14385
14073
31843
26585
58428
16684
22023
16313
22910
32997
44933
77930
34142
34535
30698
36983
64840
71518
136358
11305
14757
10936
6025
22241
20782
43023
1744
2557
2053
1539
3797
4096
7893
10818
2131
8264
10159
19082
12290
31372
10194
15155
9279
10151
19473
25306
44779
22123
16888
19200
16184
41323
33072
74395
11938
17712
11332
11690
23270
29402
52672
34061
34600
30532
27874
64593
62474
127067
10592
9925
7261
7211
17853
17136
34989
9750
13863
11007
14759
20757
28622
49379
8437
1732
5744
10463
14181
12195
26376
12309
14071
8738
18461
21047
32532
53579
19029
11657
13005
17674
32034
29331
61365
22059
27934
19745
33220
41804
61154
102958
41088
39591
32750
50894
73838
90485
164323
26425
23879
21123
15074
47548
38953
86501
11987
14620
11399
13159
23386
27779
51165
21951
3438
15843
19921
37794
23359
61153
18053
21766
14333
20825
32386
42591
74977
48376
27317
36966
34995
85342
62312
147654
30040
36386
25732
33984
55772
70370
126142
78416
63703
62698
68979
141114
132682
273796
18549
20114
13857
12207
32406
32321
64727
16960
23596
20173
25536
37133
49132
86265
17938
4055
13533
19540
31471
23595
55066
21783
26361
15885
30594
37668
56955
94623
36487
24169
27390
31747
63877
55916
119793
38743
49957
36058
56130
74801
106087
180888
75230
74126
63448
87877
138678
162003
300681
44974
43993
34980
27281
79954
71274
151228
28947
38216
31572
38695
60519
76911
137430
39889
7493
29376
39461
69265
46954
116219
39836
48127
30218
51419
70054
99546
169600
84863
51486
64356
66742
149219
118228
267447
68783
86343
61790
90114
130573
176457
307030
153646
137829
126146
156856
279792
294685
574477
5770
4129
4651
3489
10421
7618
18039
2856
3183
2726
2949
5582
6132
11714
4646
474
4919
3688
9565
4162
13727
3295
2223
1760
2701
5055
4924
9979
10416
4603
9570
7177
19986
11780
31766
6151
5406
4486
5650
10637
11056
21693
16567
10009
14056
12827
30623
22836
53459
4148
5220
3456
2994
7604
8214
15818
3112
5090
4146
4602
7258
9692
16950
5273
847
4580
4796
9853
5643
15496
3903
4713
3095
4441
6998
9154
16152
9421
6067
8036
7790
17457
13857
31314
7015
9803
7241
9043
14256
18846
33102
16436
15870
15277
16833
31713
32703
64416
4326
5916
4425
2517
8751
8433
17184
474
718
574
422
1048
1140
2188
4653
811
4290
4197
8943
5008
13951
3540
4667
3190
3122
6730
7789
14519
8979
6727
8715
6714
17694
13441
31135
4014
5385
3764
3544
7778
8929
16707
12993
12112
12479
10258
25472
22370
47842
2498
1954
2242
1692
4740
3646
8386
1485
1914
1530
2384
3015
4298
7313
2151
311
1424
2227
3575
2538
6113
2636
2120
1602
3057
4238
5177
9415
4649
2265
3666
3919
8315
6184
14499
4121
4034
3132
5441
7253
9475
16728
8770
6299
6798
9360
15568
15659
31227
10096
10045
9076
6006
19172
16051
35223
3330
3901
3300
3371
6630
7272
13902
9299
1285
9209
7885
18508
9170
27678
6835
6890
4950
5823
11785
12713
24498
19395
11330
18285
13891
37680
25221
62901
10165
10791
8250
9194
18415
19985
38400
29560
22121
26535
23085
56095
45206
101301
6646
7174
5698
4686
12344
11860
24204
4597
7004
5676
6986
10273
13990
24263
7424
1158
6004
7023
13428
8181
21609
6539
6833
4697
7498
11236
14331
25567
14070
8332
11702
11709
25772
20041
45813
11136
13837
10373
14484
21509
28321
49830
25206
22169
22075
26193
47281
48362
95643
16742
17219
14774
10692
31516
27911
59427
7927
10905
8976
10357
16903
21262
38165
16723
2443
15213
14908
31936
17351
49287
13374
13723
9647
13321
23021
27044
50065
33465
19662
29987
25600
63452
45262
108714
21301
24628
18623
23678
39924
48306
88230
54766
44290
48610
49278
103376
93568
196944
768
419
406
400
1174
819
1993
717
828
599
643
1316
1471
2787
633
119
496
487
1129
606
1735
375
313
195
390
570
703
1273
1401
538
902
887
2303
1425
3728
1092
1141
794
1033
1886
2174
4060
2493
1679
1696
1920
4189
3599
7788
424
618
360
297
784
915
1699
488
961
730
759
1218
1720
2938
738
365
760
617
1498
982
2480
362
779
296
678
658
1457
2115
1162
983
1120
914
2282
1897
4179
850
1740
1026
1437
1876
3177
5053
2012
2723
2146
2351
4158
5074
9232
522
846
591
334
1113
1180
2293
207
399
351
136
558
535
1093
768
333
802
651
1570
984
2554
401
842
459
360
860
1202
2062
1290
1179
1393
985
2683
2164
4847
608
1241
810
496
1418
1737
3155
1898
2420
2203
1481
4101
3901
8002
411
476
307
302
718
778
1496
423
699
483
612
906
1311
2217
343
116
289
389
632
505
1137
375
478
242
481
617
959
1576
754
592
596
691
1350
1283
2633
798
1177
725
1093
1523
2270
3793
1552
1769
1321
1784
2873
3553
6426
1290
1265
997
734
2287
1999
4286
924
1227
950
779
1874
2006
3880
1401
452
1298
1138
2699
1590
4289
776
1155
654
750
1430
1905
3335
2691
1717
2295
1872
4986
3589
8575
1700
2382
1604
1529
3304
3911
7215
4391
4099
3899
3401
8290
7500
15790
835
1094
667
599
1502
1693
3195
911
1660
1213
1371
2124
3031
5155
1081
481
1049
1006
2130
1487
3617
737
1257
538
1159
1275
2416
3691
1916
1575
1716
1605
3632
3180
6812
1648
2917
1751
2530
3399
5447
8846
3564
4492
3467
4135
7031
8627
15658
2125
2359
1664
1333
3789
3692
7481
1835
2887
2163
2150
3998
5037
9035
2482
933
2347
2144
4829
3077
7906
1513
2412
1192
1909
2705
4321
7026
4607
3292
4011
3477
8618
6769
15387
3348
5299
3355
4059
6703
9358
16061
7955
8591
7366
7536
15321
16127
31448
4443
3174
3706
2389
8149
5563
13712
3646
4959
4053
3912
7699
8871
16570
4573
711
4479
3607
9052
4318
13370
1827
1890
1467
2174
3294
4064
7358
9016
3885
8185
5996
17201
9881
27082
5473
6849
5520
6086
10993
12935
23928
14489
10734
13705
12082
28194
22816
51010
460
702
470
307
930
1009
1939
417
942
758
624
1175
1566
2741
643
362
957
621
1600
983
2583
353
770
341
427
694
1197
1891
1103
1064
1427
928
2530
1992
4522
770
1712
1099
1051
1869
2763
4632
1873
2776
2526
1979
4399
4755
9154
3348
4304
3425
1809
6773
6113
12886
506
902
849
567
1355
1469
2824
3131
900
2509
3838
5640
4738
10378
2687
5096
3056
2919
5743
8015
13758
6479
5204
5934
5647
12413
10851
23264
3193
5998
3905
3486
7098
9484
16582
9672
11202
9839
9133
19511
20335
39846
3173
2994
2804
1827
5977
4821
10798
2971
4991
4274
4563
7245
9554
16799
3183
839
3071
4080
6254
4919
11173
1985
3296
2167
3874
4152
7170
11322
6356
3833
5875
5907
12231
9740
21971
4956
8287
6441
8437
11397
16724
28121
11312
12120
12316
14344
23628
26464
50092
7791
7478
7131
4198
14922
11676
26598
4152
5861
4902
4479
9054
10340
19394
7704
1611
6988
7445
14692
9056
23748
4514
6986
4523
5093
9037
12079
21116
15495
9089
14119
11643
29614
20732
50346
8666
12847
9425
9572
18091
22419
40510
24161
21936
23544
21215
47705
43151
90856
3633
3696
3274
2134
6907
5830
12737
3388
5933
5032
5187
8420
11120
19540
3826
1201
4028
4701
7854
5902
13756
2338
4066
2508
4301
4846
8367
13213
7459
4897
7302
6835
14761
11732
26493
5726
9999
7540
9488
13266
19487
32753
13185
14896
14842
16323
28027
31219
59246
11424
11174
10405
6332
21829
17506
39335
7540
11794
9934
9666
17474
21460
38934
11530
2812
11016
12146
22546
14958
37504
6852
11052
7031
9394
13883
20446
34329
22954
13986
21421
18478
44375
32464
76839
14392
22846
16965
19060
31357
41906
73263
37346
36832
38386
37538
75732
74370
150102
5990
2575
3189
2862
9179
5437
14616
3210
2922
2644
3298
5854
6220
12074
4285
444
2731
3347
7016
3791
10807
2638
1849
1558
2676
4196
4525
8721
10275
3019
5920
6209
16195
9228
25423
5848
4771
4202
5974
10050
10745
20795
16123
7790
10122
12183
26245
19973
46218
3506
4252
2653
2464
6159
6716
12875
2676
4456
4295
5336
6971
9792
16763
5077
950
4631
5077
9708
6027
15735
4885
5776
3126
5203
8011
10979
18990
8583
5202
7284
7541
15867
12743
28610
7561
10232
7421
10539
14982
20771
35753
16144
15434
14705
18080
30849
33514
64363
3527
4363
2723
1830
6250
6193
12443
840
765
667
505
1507
1270
2777
2697
666
2808
3286
5505
3952
9457
3828
5268
4074
3366
7902
8634
16536
6224
5029
5531
5116
11755
10145
21900
4668
6033
4741
3871
9409
9904
19313
10892
11062
10272
8987
21164
20049
41213
2802
2682
2178
2126
4980
4808
9788
2574
3165
2480
3517
5054
6682
11736
2467
433
1992
3208
4459
3641
8100
4170
4297
2983
5121
7153
9418
16571
5269
3115
4170
5334
9439
8449
17888
6744
7462
5463
8638
12207
16100
28307
12013
10577
9633
13972
21646
24549
46195
9517
6938
5912
4692
15429
11630
27059
4050
3687
3311
3803
7361
7490
14851
6982
1110
5539
6633
12521
7743
20264
6466
7117
5632
6042
12098
13159
25257
16499
8048
11451
11325
27950
19373
47323
10516
10804
8943
9845
19459
20649
40108
27015
18852
20394
21170
47409
40022
87431
6308
6934
4831
4590
11139
11524
22663
5250
7621
6775
8853
12025
16474
28499
7544
1383
6623
8285
14167
9668
23835
9055
10073
6109
10324
15164
20397
35561
13852
8317
11454
12875
25306
21192
46498
14305
17694
12884
19177
27189
36871
64060
28157
26011
24338
32052
52495
58063
110558
15825
13872
10743
9282
26568
23154
49722
9300
11308
10086
12656
19386
23964
43350
14526
2493
12162
14918
26688
17411
44099
15521
17190
11741
16366
27262
33556
60818
30351
16365
22905
24200
53256
40565
93821
24821
28498
21827
29022
46648
57520
104168
55172
44863
44732
53222
99904
98085
197989
10213
7303
8357
5878
18570
13181
31751
6502
8142
6779
6861
13281
15003
28284
9219
1185
9398
7295
18617
8480
27097
5122
4113
3227
4875
8349
8988
17337
19432
8488
17755
13173
37187
21661
58848
11624
12255
10006
11736
21630
23991
45621
31056
20743
27761
24909
58817
45652
104469
4608
5922
3926
3301
8534
9223
17757
3529
6032
4904
5226
8433
11258
19691
5916
1209
5537
5417
11453
6626
18079
4256
5483
3436
4868
7692
10351
18043
10524
7131
9463
8718
19987
15849
35836
7785
11515
8340
10094
16125
21609
37734
18309
18646
17803
18812
36112
37458
73570
7674
10220
7850
4326
15524
14546
30070
980
1620
1423
989
2403
2609
5012
7784
1711
6799
8035
14583
9746
24329
6227
9763
6246
6041
12473
15804
28277
15458
11931
14649
12361
30107
24292
54399
7207
11383
7669
7030
14876
18413
33289
22665
23314
22318
19391
44983
42705
87688
5671
4948
5046
3519
10717
8467
19184
4456
6905
5804
6947
10260
13852
24112
5334
1150
4495
6307
9829
7457
17286
4621
5416
3769
6931
8390
12347
20737
11005
6098
9541
9826
20546
15924
36470
9077
12321
9573
13878
18650
26199
44849
20082
18419
19114
23704
39196
42123
81319
17887
17523
16207
10204
34094
27727
61821
7482
9762
8202
7850
15684
17612
33296
17003
2896
16197
15330
33200
18226
51426
11349
13876
9473
10916
20822
24792
45614
34890
20419
32404
25534
67294
45953
113247
18831
23638
17675
18766
36506
42404
78910
53721
44057
50079
44300
103800
88357
192157
10279
10870
8972
6820
19251
17690
36941
7985
12937
10708
12173
18693
25110
43803
11250
2359
10032
11724
21282
14083
35365
8877
10899
7205
11799
16082
22698
38780
21529
13229
19004
18544
40533
31773
72306
16862
23836
17913
23972
34775
47808
82583
38391
37065
36917
42516
75308
79581
154889
28166
28393
25179
17024
53345
45417
98762
15467
22699
18910
20023
34377
42722
77099
28253
5255
26229
27054
54482
32309
86791
20226
24775
16678
22715
36904
47490
84394
56419
33648
51408
44078
107827
77726
185553
35693
47474
35588
42738
71281
90212
161493
92112
81122
86996
86816
179108
167938
347046
6758
2994
3595
3262
10353
6256
16609
3927
3750
3243
3941
7170
7691
14861
4918
563
3227
3834
8145
4397
12542
3013
2162
1753
3066
4766
5228
9994
11676
3557
6822
7096
18498
10653
29151
6940
5912
4996
7007
11936
12919
24855
18616
9469
11818
14103
30434
23572
54006
3930
4870
3013
2761
6943
7631
14574
3164
5417
5025
6095
8189
11512
19701
5815
1315
5391
5694
11206
7009
18215
5247
6555
3422
5881
8669
12436
21105
9745
6185
8404
8455
18149
14640
32789
8411
11972
8447
11976
16858
23948
40806
18156
18157
16851
20431
35007
38588
73595
4049
5209
3314
2164
7363
7373
14736
1047
1164
1018
641
2065
1805
3870
3465
999
3610
3937
7075
4936
12011
4229
6110
4533
3726
8762
9836
18598
7514
6208
6924
6101
14438
12309
26747
5276
7274
5551
4367
10827
11641
22468
12790
13482
12475
10468
25265
23950
49215
3213
3158
2485
2428
5698
5586
11284
2997
3864
2963
4129
5960
7993
13953
2810
549
2281
3597
5091
4146
9237
4545
4775
3225
5602
7770
10377
18147
6023
3707
4766
6025
10789
9732
20521
7542
8639
6188
9731
13730
18370
32100
13565
12346
10954
15756
24519
28102
52621
10807
8203
6909
5426
17716
13629
31345
4974
4914
4261
4582
9235
9496
18731
8383
1562
6837
7771
15220
9333
24553
7242
8272
6286
6792
13528
15064
28592
19190
9765
13746
13197
32936
22962
55898
12216
13186
10547
11374
22763
24560
47323
31406
22951
24293
24571
55699
47522
103221
7143
8028
5498
5189
12641
13217
25858
6161
9281
7988
10224
14149
19505
33654
8625
1864
7672
9291
16297
11155
27452
9792
11330
6647
11483
16439
22813
39252
15768
9892
13170
14480
28938
24372
53310
15953
20611
14635
21707
30588
42318
72906
31721
30503
27805
36187
59526
66690
126216
17950
16231
12407
10615
30357
26846
57203
11135
14195
12249
14806
23384
29001
52385
17008
3426
14509
17062
31517
20488
52005
17034
19602
12933
18275
29967
37877
67844
34958
19657
26916
27677
61874
47334
109208
28169
33797
25182
33081
53351
66878
120229
63127
53454
52098
60758
115225
114212
229437
16971
10297
11952
9140
28923
19437
48360
10429
11892
10022
10802
20451
22694
43145
14137
1748
12625
11129
26762
12877
39639
8135
6275
4980
7941
13115
14216
27331
31108
12045
24577
20269
55685
32314
87999
18564
18167
15002
18743
33566
36910
70476
49672
30212
39579
39012
89251
69224
158475
8538
10792
6939
6062
15477
16854
32331
6693
11449
9929
11321
16622
22770
39392
11731
2524
10928
11111
22659
13635
36294
9503
12038
6858
10749
16361
22787
39148
20269
13316
17867
17173
38136
30489
68625
16196
23487
16787
22070
32983
45557
78540
36465
36803
34654
39243
71119
76046
147165
11723
15429
11164
6490
22887
21919
44806
2027
2784
2441
1630
4468
4414
8882
11249
2710
10409
11972
21658
14682
36340
10456
15873
10779
9767
21235
25640
46875
22972
18139
21573
18462
44545
36601
81146
12483
18657
13220
11397
25703
30054
55757
35455
36796
34793
29859
70248
66655
136903
8884
8106
7531
5947
16415
14053
30468
7453
10769
8767
11076
16220
21845
38065
8144
1699
6776
9904
14920
11603
26523
9166
10191
6994
12533
16160
22724
38884
17028
9805
14307
15851
31335
25656
56991
16619
20960
15761
23609
32380
44569
76949
33647
30765
30068
39460
63715
70225
133940
28694
25726
23116
15630
51810
41356
93166
12456
14676
12463
12432
24919
27108
52027
25386
4458
23034
23101
48420
27559
75979
18591
22148
15759
17708
34350
39856
74206
54080
30184
46150
38731
100230
68915
169145
31047
36824
28222
30140
59269
66964
126233
85127
67008
74372
68871
159499
135879
295378
17422
18898
14470
12009
31892
30907
62799
14146
22218
18696
22397
32842
44615
77457
19875
4223
17704
21015
37579
25238
62817
18669
22229
13852
23282
32521
45511
78032
37297
23121
32174
33024
69471
56145
125616
32815
44447
32548
45679
65363
90126
155489
70112
67568
64722
78703
134834
146271
281105
46116
44624
37586
27639
83702
72263
155965
26602
36894
31159
34829
57761
71723
129484
45261
8681
40738
44116
85999
52797
138796
37260
44377
29611
40990
66871
85367
152238
91377
53305
78324
71755
169701
125060
294761
63862
81271
60770
75819
124632
157090
281722
155239
134576
139094
147574
294333
282150
576483
7081
4111
4793
4476
11874
8587
20461
2858
1903
2268
2384
5126
4287
9413
3916
354
2948
3715
6864
4069
10933
3622
2598
2313
3643
5935
6241
12176
10997
4465
7741
8191
18738
12656
31394
6480
4501
4581
6027
11061
10528
21589
17477
8966
12322
14218
29799
23184
52983
3552
3756
2489
2523
6041
6279
12320
2445
2552
2671
3193
5116
5745
10861
3153
414
2473
3365
5626
3779
9405
3325
3697
2683
4210
6008
7907
13915
6705
4170
4962
5888
11667
10058
21725
5770
6249
5354
7403
11124
13652
24776
12475
10419
10316
13291
22791
23710
46501
4182
4827
4139
2851
8321
7678
15999
449
330
398
278
847
608
1455
3024
430
2186
2731
5210
3161
8371
3218
3909
2810
2913
6028
6822
12850
7206
5257
6325
5582
13531
10839
24370
3667
4239
3208
3191
6875
7430
14305
10873
9496
9533
8773
20406
18269
38675
3645
2703
2278
2676
5923
5379
11302
1859
1770
1818
2739
3677
4509
8186
1947
360
1312
2768
3259
3128
6387
3726
3358
2356
5540
6082
8898
14980
5592
3063
3590
5444
9182
8507
17689
5585
5128
4174
8279
9759
13407
23166
11177
8191
7764
13723
18941
21914
40855
11263
8938
8932
7327
20195
16265
36460
3307
2233
2666
2662
5973
4895
10868
6940
784
5134
6446
12074
7230
19304
6840
6507
5123
6556
11963
13063
25026
18203
9722
14066
13773
32269
23495
55764
10147
8740
7789
9218
17936
17958
35894
28350
18462
21855
22991
50205
41453
91658
7197
6459
4767
5199
11964
11658
23622
4304
4322
4489
5932
8793
10254
19047
5100
774
3785
6133
8885
6907
15792
7051
7055
5039
9750
12090
16805
28895
12297
7233
8552
11332
20849
18565
39414
11355
11377
9528
15682
20883
27059
47942
23652
18610
18080
27014
41732
45624
87356
18460
15397
13699
12526
32159
27923
60082
7611
6555
7155
8594
14766
15149
29915
12040
1558
8919
12579
20959
14137
35096
13891
13562
10162
16306
24053
29868
53921
30500
16955
22618
25105
53118
42060
95178
21502
20117
17317
24900
38819
45017
83836
52002
37072
39935
50005
91937
87077
179014
3750
2327
2497
2497
6247
4824
11071
2879
3182
2435
3882
5314
7064
12378
2835
314
2070
3715
4905
4029
8934
2006
2044
1369
2813
3375
4857
8232
6585
2641
4567
6212
11152
8853
20005
4885
5226
3804
6695
8689
11921
20610
11470
7867
8371
12907
19841
20774
40615
2469
2710
2145
1770
4614
4480
9094
2537
3069
3109
4428
5646
7497
13143
3882
796
3146
4340
7028
5136
12164
3032
4731
2376
6744
5408
11475
16883
6351
3506
5291
6110
11642
9616
21258
5569
7800
5485
11172
11054
18972
30026
11920
11306
10776
17282
22696
28588
51284
3369
5177
3012
2360
6381
7537
13918
561
648
577
611
1138
1259
2397
3919
750
3005
4387
6924
5137
12061
3208
5317
2875
3803
6083
9120
15203
7288
5927
6017
6747
13305
12674
25979
3769
5965
3452
4414
7221
10379
17600
11057
11892
9469
11161
20526
23053
43579
3909
4226
2591
5091
6500
9317
15817
3035
4540
3387
6165
6422
10705
17127
2824
624
2140
4096
4964
4720
9684
3943
4620
2883
7307
6826
11927
18753
6733
4850
4731
9187
11464
14037
25501
6978
9160
6270
13472
13248
22632
35880
13711
14010
11001
22659
24712
36669
61381
7119
7504
5509
4857
12628
12361
24989
3440
3830
3012
4493
6452
8323
14775
6754
1064
5075
8102
11829
9166
20995
5214
7361
4244
6616
9458
13977
23435
13873
8568
10584
12959
24457
21527
45984
8654
11191
7256
11109
15910
22300
38210
22527
19759
17840
24068
40367
43827
84194
6378
6936
4736
6861
11114
13797
24911
5572
7609
6496
10593
12068
18202
30270
6706
1420
5286
8436
11992
9856
21848
6975
9351
5259
14051
12234
23402
35636
13084
8356
10022
15297
23106
23653
46759
12547
16960
11755
24644
24302
41604
65906
25631
25316
21777
39941
47408
65257
112665
13497
14440
10245
11718
23742
26158
49900
9012
11439
9508
15086
18520
26525
45045
13460
2484
10361
16538
23821
19022
42843
12189
16712
9503
20667
21692
37379
59071
26957
16924
20606
28256
47563
45180
92743
21201
28151
19011
35753
40212
63904
104116
48158
45075
39617
64009
87775
109084
196859
3814
2641
2969
2307
6783
4948
11731
3298
2970
3059
3693
6357
6663
13020
3070
420
2409
3510
5479
3930
9409
1861
1578
1373
2255
3234
3833
7067
6884
3061
5378
5817
12262
8878
21140
5159
4548
4432
5948
9591
10496
20087
12043
7609
9810
11765
21853
19374
41227
577
830
487
411
1064
1241
2305
471
565
486
548
957
1113
2070
527
171
508
533
1035
704
1739
394
480
291
456
685
936
1621
1104
1001
995
944
2099
1945
4044
865
1045
777
1004
1642
2049
3691
1969
2046
1772
1948
3741
3994
7735
2497
2607
2530
1518
5027
4125
9152
422
421
503
392
925
813
1738
2413
520
2093
2875
4506
3395
7901
2388
3157
2608
2438
4996
5595
10591
4910
3127
4623
4393
9533
7520
17053
2810
3578
3111
2830
5921
6408
12329
7720
6705
7734
7223
15454
13928
29382
3934
3267
2604
2639
6538
5906
12444
3275
3818
3803
5316
7078
9134
16212
2859
696
1958
5280
4817
5976
10793
2996
2840
2194
4973
5190
7813
13003
6793
3963
4562
7919
11355
11882
23237
6271
6658
5997
10289
12268
16947
29215
13064
10621
10559
18208
23623
28829
52452
6311
5248
5499
3825
11810
9073
20883
3720
3391
3562
4085
7282
7476
14758
5483
940
4502
6385
9985
7325
17310
4249
4735
3981
4693
8230
9428
17658
11794
6188
10001
10210
21795
16398
38193
7969
8126
7543
8778
15512
16904
32416
19763
14314
17544
18988
37307
33302
70609
4511
4097
3091
3050
7602
7147
14749
3746
4383
4289
5864
8035
10247
18282
3386
867
2466
5813
5852
6680
12532
3390
3320
2485
5429
5875
8749
14624
7897
4964
5557
8863
13454
13827
27281
7136
7703
6774
11293
13910
18996
32906
15033
12667
12331
20156
27364
32823
60187
10822
9345
8590
6875
19412
16220
35632
7466
7774
7851
9949
15317
17723
33040
8869
1807
6968
12198
15837
14005
29842
7639
8055
6466
10122
14105
18177
32282
19691
11152
15558
19073
35249
30225
65474
15105
15829
14317
20071
29422
35900
65322
34796
26981
29875
39144
64671
66125
130796
5026
2700
3078
3888
8104
6588
14692
3949
3191
2969
4776
6918
7967
14885
4009
392
2418
3985
6427
4377
10804
3641
2543
2120
4826
5761
7369
13130
9035
3092
5496
7873
14531
10965
25496
7590
5734
5089
9602
12679
15336
28015
16625
8826
10585
17475
27210
26301
53511
2952
3577
2417
2553
5369
6130
11499
2462
3394
3107
4771
5569
8165
13734
3432
575
3058
4483
6490
5058
11548
4152
4443
2642
5612
6794
10055
16849
6384
4152
5475
7036
11859
11188
23047
6614
7837
5749
10383
12363
18220
30583
12998
11989
11224
17419
24222
29408
53630
3066
3588
2623
2138
5689
5726
11415
578
523
445
466
1023
989
2012
2552
434
2162
3199
4714
3633
8347
3592
4521
2912
4428
6504
8949
15453
5618
4022
4785
5337
10403
9359
19762
4170
5044
3357
4894
7527
9938
17465
9788
9066
8142
10231
17930
19297
37227
4950
6007
3770
5684
8720
11691
20411
3724
4378
3862
6045
7586
10423
18009
3920
739
3013
6119
6933
6858
13791
7096
5672
4753
10535
11849
16207
28056
8870
6746
6783
11803
15653
18549
34202
10820
10050
8615
16580
19435
26630
46065
19690
16796
15398
28383
35088
45179
80267
8092
6288
5701
6026
13793
12314
26107
4527
3714
3414
5242
7941
8956
16897
6561
826
4580
7184
11141
8010
19151
7233
7064
5032
9254
12265
16318
28583
14653
7114
10281
13210
24934
20324
45258
11760
10778
8446
14496
20206
25274
45480
26413
17892
18727
27706
45140
45598
90738
7902
9584
6187
8237
14089
17821
31910
6186
7772
6969
10816
13155
18588
31743
7352
1314
6071
10602
13423
11916
25339
11248
10115
7395
16147
18643
26262
44905
15254
10898
12258
18839
27512
29737
57249
17434
17887
14364
26963
31798
44850
76648
32688
28785
26622
45802
59310
74587
133897
15994
15872
11888
14263
27882
30135
58017
10713
11486
10383
16058
21096
27544
48640
13913
2140
10651
17786
24564
19926
44490
18481
17179
12427
25401
30908
42580
73488
29907
18012
22539
32049
52446
50061
102507
29194
28665
22810
41459
52004
70124
122128
59101
46677
45349
73508
104450
120185
224635
10895
6752
7762
6783
18657
13535
32192
6156
4873
5327
6077
11483
10950
22433
6986
774
5357
7225
12343
7999
20342
5483
4176
3686
5898
9169
10074
19243
17881
7526
13119
14008
31000
21534
52534
11639
9049
9013
11975
20652
21024
41676
29520
16575
22132
25983
51652
42558
94210
4129
4586
2976
2934
7105
7520
14625
2916
3117
3157
3741
6073
6858
12931
3680
585
2981
3898
6661
4483
11144
3719
4177
2974
4666
6693
8843
15536
7809
5171
5957
6832
13766
12003
25769
6635
7294
6131
8407
12766
15701
28467
14444
12465
12088
15239
26532
27704
54236
6679
7434
6669
4369
13348
11803
25151
871
751
901
670
1772
1421
3193
5437
950
4279
5606
9716
6556
16272
5606
7066
5418
5351
11024
12417
23441
12116
8384
10948
9975
23064
18359
41423
6477
7817
6319
6021
12796
13838
26634
18593
16201
17267
15996
35860
32197
68057
7579
5970
4882
5315
12461
11285
23746
5134
5588
5621
8055
10755
13643
24398
4806
1056
3270
8048
8076
9104
17180
6722
6198
4550
10513
11272
16711
27983
12385
7026
8152
13363
20537
20389
40926
11856
11786
10171
18568
22027
30354
52381
24241
18812
18323
31931
42564
50743
93307
17574
14186
14431
11152
32005
25338
57343
7027
5624
6228
6747
13255
12371
25626
12423
1724
9636
12831
22059
14555
36614
11089
11242
9104
11249
20193
22491
42684
29997
15910
24067
23983
54064
39893
93957
18116
16866
15332
17996
33448
34862
68310
48113
32776
39399
41979
87512
74755
162267
11708
10556
7858
8249
19566
18805
38371
8050
8705
8778
11796
16828
20501
37329
8486
1641
6251
11946
14737
13587
28324
10441
10375
7524
15179
17965
25554
43519
20194
12197
14109
20195
34303
32392
66695
18491
19080
16302
26975
34793
46055
80848
38685
31277
30411
47170
69096
78447
147543
29282
24742
22289
19401
51571
44143
95714
15077
14329
15006
18543
30083
32872
62955
20909
3365
15887
24777
36796
28142
64938
21530
21617
16628
26428
38158
48045
86203
50191
28107
38176
44178
88367
72285
160652
36607
35946
31634
44971
68241
80917
149158
86798
64053
69810
89149
156608
153202
309810
8776
5027
5575
6385
14351
11412
25763
6828
6373
5404
8658
12232
15031
27263
6844
706
4488
7700
11332
8406
19738
5647
4587
3489
7639
9136
12226
21362
15620
5733
10063
14085
25683
19818
45501
12475
10960
8893
16297
21368
27257
48625
28095
16693
18956
30382
47051
47075
94126
5421
6287
4562
4323
9983
10610
20593
4999
6463
6216
9199
11215
15662
26877
7314
1371
6204
8823
13518
10194
23712
7184
9174
5018
12356
12202
21530
33732
12735
7658
10766
13146
23501
20804
44305
12183
15637
11234
21555
23417
37192
60609
24918
23295
22000
34701
46918
57996
104914
6435
8765
5635
4498
12070
13263
25333
1139
1171
1022
1077
2161
2248
4409
6471
1184
5167
7586
11638
8770
20408
6800
9838
5787
8231
12587
18069
30656
12906
9949
10802
12084
23708
22033
45741
7939
11009
6809
9308
14748
20317
35065
20845
20958
17611
21392
38456
42350
80806
8859
10233
6361
10775
15220
21008
36228
6759
8918
7249
12210
14008
21128
35136
6744
1363
5153
10215
11897
11578
23475
11039
10292
7636
17842
18675
28134
46809
15603
11596
11514
20990
27117
32586
59703
17798
19210
14885
30052
32683
49262
81945
33401
30806
26399
51042
59800
81848
141648
15211
13792
11210
10883
26421
24675
51096
7967
7544
6426
9735
14393
17279
31672
13315
1890
9655
15286
22970
17176
40146
12447
14425
9276
15870
21723
30295
52018
28526
15682
20865
26169
49391
41851
91242
20414
21969
15702
25605
36116
47574
83690
48940
37651
36567
51774
85507
89425
174932
14280
16520
10923
15098
25203
31618
56821
11758
15381
13465
21409
25223
36790
62013
14058
2734
11357
19038
25415
21772
47187
18223
19466
12654
30198
30877
49664
80541
28338
19254
22280
34136
50618
53390
104008
29981
34847
26119
51607
56100
86454
142554
58319
54101
48399
85743
106718
139844
246562
29491
30312
22133
25981
51624
56293
107917
19725
22925
19891
31144
39616
54069
93685
27373
4624
21012
34324
48385
38948
87333
30670
33891
21930
46068
52600
79959
132559
56864
34936
43145
60305
100009
95241
195250
50395
56816
41821
77212
92216
134028
226244
107259
91752
84966
137517
192225
229269
421494
19671
11779
13337
13168
33008
24947
57955
12984
11246
10731
14735
23715
25981
49696
13830
1480
9845
14925
23675
16405
40080
11130
8763
7175
13537
18305
22300
40605
33501
13259
23182
28093
56683
41352
98035
24114
20009
17906
28272
42020
48281
90301
57615
33268
41088
56365
98703
89633
188336
9550
10873
7538
7257
17088
18130
35218
7915
9580
9373
12940
17288
22520
39808
10994
1956
9185
12721
20179
14677
34856
10903
13351
7992
17022
18895
30373
49268
20544
12829
16723
19978
37267
32807
70074
18818
22931
17365
29962
36183
52893
89076
39362
35760
34088
49940
73450
85700
159150
13114
16199
12304
8867
25418
25066
50484
2010
1922
1923
1747
3933
3669
7602
11908
2134
9446
13192
21354
15326
36680
12406
16904
11205
13582
23611
30486
54097
25022
18333
21750
22059
46772
40392
87164
14416
18826
13128
15329
27544
34155
61699
39438
37159
34878
37388
74316
74547
148863
16438
16203
11243
16090
27681
32293
59974
11893
14506
12870
20265
24763
34771
59534
11550
2419
8423
18263
19973
20682
40655
17761
16490
12186
28355
29947
44845
74792
27988
18622
19666
34353
47654
52975
100629
29654
30996
25056
48620
54710
79616
134326
57642
49618
44722
82973
102364
132591
234955
32785
27978
25641
22035
58426
50013
108439
14994
13168
12654
16482
27648
29650
57298
25738
3614
19291
28117
45029
31731
76760
23536
25667
18380
27119
41916
52786
94702
58523
31592
44932
50152
103455
81744
185199
38530
38835
31034
43601
69564
82436
152000
97053
70427
75966
93753
173019
164180
337199
25988
27076
18781
23347
44769
50423
95192
19808
24086
22243
33205
42051
57291
99342
22544
4375
17608
30984
40152
35359
75511
28664
29841
20178
45377
48842
75218
124060
48532
31451
36389
54331
84921
85782
170703
48472
53927
42421
78582
90893
132509
223402
97004
85378
78810
132913
175814
218291
394105
58773
55054
44422
45382
103195
100436
203631
34802
37254
34897
49687
69699
86941
156640
48282
7989
36899
59101
85181
67090
152271
52200
55508
38558
72496
90758
128004
218762
107055
63043
81321
104483
188376
167526
355902
87002
92762
73455
122183
160457
214945
375402
194057
155805
154776
226666
348833
382471
731304
16420
9218
10801
9657
27221
18875
46096
7689
6923
6218
7067
13907
13990
27897
11816
940
10837
9031
22653
9971
32624
8879
5374
4489
8028
13368
13402
26770
28236
10158
21638
18688
49874
28846
78720
16568
12297
10707
15095
27275
27392
54667
44804
22455
32345
33783
77149
56238
133387
8525
8406
5991
5498
14516
13904
28420
5446
7872
6799
7596
12245
15468
27713
9131
1222
7281
8070
16412
9292
25704
6681
7715
5070
8121
11751
15836
27587
17656
9628
13272
13568
30928
23196
54124
12127
15587
11869
15717
23996
31304
55300
29783
25215
25141
29285
54924
54500
109424
9769
11289
8901
5777
18670
17066
35736
920
1125
923
780
1843
1905
3748
11252
1411
8345
8839
19597
10250
29847
7719
8925
6185
6792
13904
15717
29621
21021
12700
17246
14616
38267
27316
65583
8639
10050
7108
7572
15747
17622
33369
29660
22750
24354
22188
54014
44938
98952
7270
4570
6877
4503
14147
9073
23220
3685
4151
3641
5359
7326
9510
16836
5066
666
3180
5413
8246
6079
14325
6243
4817
3859
8358
10102
13175
23277
12336
5236
10057
9916
22393
15152
37545
9928
8968
7500
13717
17428
22685
40113
22264
14204
17557
23633
39821
37837
77658
26189
20507
19702
15434
45891
35941
81832
8609
8048
7141
7847
15750
15895
31645
23068
2351
19182
17870
42250
20221
62471
16598
14299
10674
14820
27272
29119
56391
49257
22858
38884
33304
88141
56162
144303
25207
22347
17815
22667
43022
45014
88036
74464
45205
56699
55971
131163
101176
232339
15795
12976
12868
10001
28663
22977
51640
9131
12023
10440
12955
19571
24978
44549
14197
1888
10461
13483
24658
15371
40029
12924
12532
8929
16479
21853
29011
50864
29992
14864
23329
23484
53321
38348
91669
22055
24555
19369
29434
41424
53989
95413
52047
39419
42698
52918
94745
92337
187082
41984
33483
32570
25435
74554
58918
133472
17740
20071
17581
20802
35321
40873
76194
37265
4239
29643
31353
66908
35592
102500
29522
26831
19603
31299
49125
58130
107255
79249
37722
62213
56788
141462
94510
235972
47262
46902
37184
52101
84446
99003
183449
126511
84624
99397
108889
225908
193513
419421
6695
3530
3418
3324
10113
6854
16967
5830
4771
3719
4714
9549
9485
19034
4611
503
3184
4031
7795
4534
12329
3080
2523
1799
3529
4879
6052
10931
11306
4033
6602
7355
17908
11388
29296
8910
7294
5518
8243
14428
15537
29965
20216
11327
12120
15598
32336
26925
59261
3523
3862
2322
2288
5845
6150
11995
3245
4695
3698
4813
6943
9508
16451
5130
1012
3994
4501
9124
5513
14637
3057
4972
2263
5258
5320
10230
15550
8653
4874
6316
6789
14969
11663
26632
6302
9667
5961
10071
12263
19738
32001
14955
14541
12277
16860
27232
31401
58633
5021
5818
3743
2801
8764
8619
17383
794
1037
825
541
1619
1578
3197
5193
918
3814
4532
9007
5450
14457
3664
5609
2955
3660
6619
9269
15888
10214
6736
7557
7333
17771
14069
31840
4458
6646
3780
4201
8238
10847
19085
14672
13382
11337
11534
26009
24916
50925
4298
3949
2426
3648
6724
7597
14321
3835
4355
3432
5090
7267
9445
16712
4087
607
2654
3926
6741
4533
11274
4202
4198
2602
5867
6804
10065
16869
8385
4556
5080
7574
13465
12130
25595
8037
8553
6034
10957
14071
19510
33581
16422
13109
11114
18531
27536
31640
59176
11716
9348
7161
6125
18877
15473
34350
6624
5808
4544
5255
11168
11063
22231
9804
1421
6998
8563
16802
9984
26786
6744
8132
4754
7189
11498
15321
26819
21520
10769
14159
14688
35679
25457
61136
13368
13940
9298
12444
22666
26384
49050
34888
24709
23457
27132
58345
51841
110186
7821
7811
4748
5936
12569
13747
26316
7080
9050
7130
9903
14210
18953
33163
9217
1619
6648
8427
15865
10046
25911
7259
9170
4865
11125
12124
20295
32419
17038
9430
11396
14363
28434
23793
52227
14339
18220
11995
21028
26334
39248
65582
31377
27650
23391
35391
54768
63041
117809
19537
17159
11909
12061
31446
29220
60666
13704
14858
11674
15158
25378
30016
55394
19021
3040
13646
16990
32667
20030
52697
14003
17302
9619
18314
23622
35616
59238
38558
20199
25555
29051
64113
49250
113363
27707
32160
21293
33472
49000
65632
114632
66265
52359
46848
62523
113113
114882
227995
10335
6658
7729
5602
18064
12260
30324
8929
9601
8566
8709
17495
18310
35805
10608
1289
8912
8042
19520
9331
28851
4618
4255
3378
5110
7996
9365
17361
20943
7947
16641
13644
37584
21591
59175
13547
13856
11944
13819
25491
27675
53166
34490
21803
28585
27463
63075
49266
112341
957
1214
798
622
1755
1836
3591
782
1490
1240
1004
2022
2494
4516
1204
525
1422
1038
2626
1563
4189
640
1166
551
788
1191
1954
3145
2161
1739
2220
1660
4381
3399
7780
1422
2656
1791
1792
3213
4448
7661
3583
4395
4011
3452
7594
7847
15441
8119
9580
7533
4335
15652
13915
29567
1033
1538
1399
1029
2432
2567
4999
7397
1625
5818
7983
13215
9608
22823
5846
9607
5817
6039
11663
15646
27309
15516
11205
13351
12318
28867
23523
52390
6879
11145
7216
7068
14095
18213
32308
22395
22350
20567
19386
42962
41736
84698
7756
6247
6065
4442
13821
10689
24510
6561
8860
8042
9207
14603
18067
32670
7136
1501
5731
8117
12867
9618
22485
4431
6307
4199
8026
8630
14333
22963
14892
7748
11796
12559
26688
20307
46995
10992
15167
12241
17233
23233
32400
55633
25884
22915
24037
29792
49921
52707
102628
18454
16238
15262
9937
33716
26175
59891
9962
11139
9965
9738
19927
20877
40804
18005
2914
14730
16025
32735
18939
51674
10464
13862
9195
11149
19659
25011
44670
36459
19152
29992
25962
66451
45114
111565
20426
25001
19160
20887
39586
45888
85474
56885
44153
49152
46849
106037
91002
197039
8713
7461
6863
5064
15576
12525
28101
7343
10350
9282
10211
16625
20561
37186
8340
2026
7153
9155
15493
11181
26674
5071
7473
4750
8814
9821
16287
26108
17053
9487
14016
14219
31069
23706
54775
12414
17823
14032
19025
26446
36848
63294
29467
27310
28048
33244
57515
60554
118069
27167
23699
22125
15001
49292
38700
87992
17305
21489
19247
19949
36552
41438
77990
26345
4940
21883
25180
48228
30120
78348
15535
21335
13945
19963
29480
41298
70778
53512
28639
44008
40181
97520
68820
166340
32840
42824
33192
39912
66032
82736
148768
86352
71463
77200
80093
163552
151556
315108
11699
4710
5658
5627
17357
10337
27694
5761
4805
4385
5902
10146
10707
20853
9335
768
4462
6777
13797
7545
21342
5344
3534
2892
5482
8236
9016
17252
21034
5478
10120
12404
31154
17882
49036
11105
8339
7277
11384
18382
19723
38105
32139
13817
17397
23788
49536
37605
87141
5588
6081
4108
3926
9696
10007
19703
4231
6259
5832
7842
10063
14101
24164
7468
1223
6338
7566
13806
8789
22595
7592
8319
4551
8473
12143
16792
28935
13056
7304
10446
11492
23502
18796
42298
11823
14578
10383
16315
22206
30893
53099
24879
21882
20829
27807
45708
49689
95397
6136
6779
4456
3422
10592
10201
20793
1280
1059
877
796
2157
1855
4012
4425
949
4132
5335
8557
6284
14841
6360
8179
5780
6016
12140
14195
26335
10561
7728
8588
8757
19149
16485
35634
7640
9238
6657
6812
14297
16050
30347
18201
16966
15245
15569
33446
32535
65981
6649
5581
4794
4980
11443
10561
22004
4869
5569
4561
6702
9430
12271
21701
4980
820
3629
6267
8609
7087
15696
8561
7748
5652
11189
14213
18937
33150
11629
6401
8423
11247
20052
17648
37700
13430
13317
10213
17891
23643
31208
54851
25059
19718
18636
29138
43695
48856
92551
17835
11489
10114
9049
27949
20538
48487
7041
5864
5262
6698
12303
12562
24865
13760
1717
8594
12112
22354
13829
36183
11704
11713
8672
11498
20376
23211
43587
31595
13206
18708
21161
50303
34367
84670
18745
17577
13934
18196
32679
35773
68452
50340
30783
32642
39357
82982
70140
153122
12237
11662
8902
8906
21139
20568
41707
9100
11828
10393
14544
19493
26372
45865
12448
2043
9967
13833
22415
15876
38291
16153
16067
10203
19662
26356
35729
62085
24685
13705
18869
22739
43554
36444
79998
25253
27895
20596
34206
45849
62101
107950
49938
41600
39465
56945
89403
98545
187948
30072
23151
19016
17955
49088
41106
90194
16141
17692
15655
21242
31796
38934
70730
26208
3760
18561
25945
44769
29705
74474
27857
27780
18875
31160
46732
58940
105672
56280
26911
37577
43900
93857
70811
164668
43998
45472
34530
52402
78528
97874
176402
100278
72383
72107
96302
172385
168685
341070
26755
15876
18530
15259
45285
31135
76420
16618
16524
14784
15776
31402
32300
63702
22424
2229
19749
17073
42173
19302
61475
13497
9629
7867
13138
21364
22767
44131
49179
18105
38279
32332
87458
50437
137895
30115
26153
22651
28914
52766
55067
107833
79294
44258
60930
61246
140224
105504
245728
9482
9620
6789
6120
16271
15740
32011
6228
9362
8039
8600
14267
17962
32229
10335
1747
8703
9108
19038
10855
29893
7321
8881
5621
8909
12942
17790
30732
19817
11367
15492
15228
35309
26595
61904
13549
18243
13660
17509
27209
35752
62961
33366
29610
29152
32737
62518
62347
124865
17888
20869
16434
10112
34322
30981
65303
1953
2663
2322
1809
4275
4472
8747
18649
3036
14163
16822
32812
19858
52670
13565
18532
12002
12831
25567
31363
56930
36537
23905
30597
26934
67134
50839
117973
15518
21195
14324
14640
29842
35835
65677
52055
45100
44921
41574
96976
86674
183650
15026
10817
12942
8945
27968
19762
47730
10246
13011
11683
14566
21929
27577
49506
12202
2167
8911
13530
21113
15697
36810
10674
11124
8058
16384
18732
27508
46240
27228
12984
21853
22475
49081
35459
84540
20920
24135
19741
30950
40661
55085
95746
48148
37119
41594
53425
89742
90544
180286
44643
36745
34964
25371
79607
62116
141723
18571
19187
17106
17585
35677
36772
72449
41073
5265
33912
33895
74985
39160
114145
27062
28161
19869
25969
46931
54130
101061
85716
42010
68876
59266
154592
101276
255868
45633
47348
36975
43554
82608
90902
173510
131349
89358
105851
102820
237200
192178
429378
24508
20437
19731
15065
44239
35502
79741
16474
22373
19722
23166
36196
45539
81735
22537
3914
17614
22638
40151
26552
66703
17995
20005
13679
25293
31674
45298
76972
47045
24351
37345
37703
84390
62054
146444
34469
42378
33401
48459
67870
90837
158707
81514
66729
70746
86162
152260
152891
305151
69151
57182
54695
40436
123846
97618
221464
35045
41560
36828
40751
71873
82311
154184
63610
9179
51526
56533
115136
65712
180848
45057
48166
33548
51262
78605
99428
178033
132761
66361
106221
96969
238982
163330
402312
80102
89726
70376
92013
150478
181739
332217
212863
156087
176597
188982
389460
345069
734529
18394
8240
9076
8951
27470
17191
44661
11591
9576
8104
10616
19695
20192
39887
13946
1271
7646
10808
21592
12079
33671
8424
6057
4691
9011
13115
15068
28183
32340
9511
16722
19759
49062
29270
78332
20015
15633
12795
19627
32810
35260
68070
52355
25144
29517
39386
81872
64530
146402
9111
9943
6430
6214
15541
16157
31698
7476
10954
9530
12655
17006
23609
40615
12598
2235
10332
12067
22930
14302
37232
10649
13291
6814
13731
17463
27022
44485
21709
12178
16762
18281
38471
30459
68930
18125
24245
16344
26386
34469
50631
85100
39834
36423
33106
44667
72940
81090
154030
11157
12597
8199
6223
19356
18820
38176
2074
2096
1702
1337
3776
3433
7209
9618
1867
7946
9867
17564
11734
29298
10024
13788
8735
9676
18759
23464
42223
20775
14464
16145
16090
36920
30554
67474
12098
15884
10437
11013
22535
26897
49432
32873
30348
26582
27103
59455
57451
116906
10947
9530
7220
8628
18167
18158
36325
8704
9924
7993
11792
16697
21716
38413
9067
1427
6283
10193
15350
11620
26970
12763
11946
8254
17056
21017
29002
50019
20014
10957
13503
18821
33517
29778
63295
21467
21870
16247
28848
37714
50718
88432
41481
32827
29750
47669
71231
80496
151727
29551
20837
17275
15174
46826
36011
82837
13665
11672
9806
11953
23471
23625
47096
23564
3138
15592
20675
39156
23813
62969
18448
19845
13426
18687
31874
38532
70406
53115
23975
32867
35849
85982
59824
145806
32113
31517
23232
30640
55345
62157
117502
85228
55492
56099
66489
141327
121981
263308
20058
19473
13650
14842
33708
34315
68023
16180
20878
17523
24447
33703
45325
79028
21665
3662
16615
22260
38280
25922
64202
23412
25237
15068
30787
38480
56024
94504
41723
23135
30265
37102
71988
60237
132225
39592
46115
32591
55234
72183
101349
173532
81315
69250
62856
92336
144171
161586
305757
49609
40310
30925
30016
80534
70326
150860
29845
32550
27329
36400
57174
68950
126124
45229
6800
32207
42935
77436
49735
127171
41860
45082
28494
49474
70354
94556
164910
94838
47110
63132
72951
157970
120061
278031
71705
77632
55823
85874
127528
163506
291034
166543
124742
118955
158825
285498
283567
569065
45149
24116
27606
24210
72755
48326
121081
28209
26100
22888
26392
51097
52492
103589
36370
3500
27395
27881
63765
31381
95146
21921
15686
12558
22149
34479
37835
72314
81519
27616
55001
52091
136520
79707
216227
50130
41786
35446
48541
85576
90327
175903
131649
69402
90447
100632
222096
170034
392130
18593
19563
13219
12334
31812
31897
63709
13704
20316
17569
21255
31273
41571
72844
22933
3982
19035
21175
41968
25157
67125
17970
22172
12435
22640
30405
44812
75217
41526
23545
32254
33509
73780
57054
130834
31674
42488
30004
43895
61678
86383
148061
73200
66033
62258
77404
135458
143437
278895
29045
33466
24633
16335
53678
49801
103479
4027
4759
4024
3146
8051
7905
15956
28267
4903
22109
26689
50376
31592
81968
23589
32320
20737
22507
44326
54827
99153
57312
38369
46742
43024
104054
81393
185447
27616
37079
24761
25653
52377
62732
115109
84928
75448
71503
68677
156431
144125
300556
25973
20347
20162
17573
46135
37920
84055
18950
22935
19676
26358
38626
49293
87919
21269
3594
15194
23723
36463
27317
63780
23437
23070
16312
33440
39749
56510
96259
47242
23941
35356
41296
82598
65237
147835
42387
46005
35988
59798
78375
105803
184178
89629
69946
71344
101094
160973
171040
332013
74194
57582
52239
40545
126433
98127
224560
32236
30859
26912
29538
59148
60397
119545
64637
8403
49504
54570
114141
62973
177114
45510
48006
33295
44656
78805
92662
171467
138831
65985
101743
95115
240574
161100
401674
77746
78865
60207
74194
137953
153059
291012
216577
144850
161950
169309
378527
314159
692686
44566
39910
33381
29907
77947
69817
147764
32654
43251
37245
47613
69899
90864
160763
44202
7576
34229
44898
78431
52474
130905
41407
45242
28747
56080
70154
101322
171476
88768
47486
67610
74805
156378
122291
278669
74061
88493
65992
103693
140053
192186
332239
162829
135979
133602
178498
296431
314477
610908
118760
97492
85620
70452
204380
167944
372324
64890
74110
64157
77151
129047
151261
280308
108839
15979
83733
99468
192572
115447
308019
86917
93248
62042
100736
148959
193984
342943
227599
113471
169353
169920
396952
283391
680343
151807
167358
126199
177887
278006
345245
623251
379406
280829
295552
347807
674958
628636
1303594
11647
6966
8106
7121
19753
14087
33840
4922
3843
3986
4368
8908
8211
17119
6740
619
5051
6074
11791
6693
18484
5952
4153
3713
5846
9665
9999
19664
18387
7585
13157
13195
31544
20780
52324
10874
7996
7699
10214
18573
18210
36783
29261
15581
20856
23409
50117
38990
89107
6439
7825
4600
4155
11039
11980
23019
4855
5640
5355
5840
10210
11480
21690
5958
881
4634
5784
10592
6665
17257
6132
6786
5074
7178
11206
13964
25170
12397
8706
9234
9939
21631
18645
40276
10987
12426
10429
13018
21416
25444
46860
23384
21132
19663
22957
43047
44089
87136
6832
7938
6590
4225
13422
12163
25585
735
653
680
476
1415
1129
2544
5440
760
4095
4687
9535
5447
14982
5997
6950
5119
4855
11116
11805
22921
12272
8698
10685
8912
22957
17610
40567
6732
7603
5799
5331
12531
12934
25465
19004
16301
16484
14243
35488
30544
66032
5811
4213
3649
4036
9460
8249
17709
3138
3252
3222
4595
6360
7847
14207
3296
570
2208
4395
5504
4965
10469
5971
5148
3737
8216
9708
13364
23072
9107
4783
5857
8431
14964
13214
28178
9109
8400
6959
12811
16068
21211
37279
18216
13183
12816
21242
31032
34425
65457
18479
14904
14696
11346
33175
26250
59425
5657
4496
4666
4844
10323
9340
19663
12180
1379
9146
10761
21326
12140
33466
11949
11103
8832
10701
20781
21804
42585
30659
16283
23842
22107
54501
38390
92891
17606
15599
13498
15545
31104
31144
62248
48265
31882
37340
37652
85605
69534
155139
12250
12038
8249
8191
20499
20229
40728
7993
8892
8577
10435
16570
19327
35897
9254
1451
6842
10179
16096
11630
27726
12103
11934
8811
15394
20914
27328
48242
21504
13489
15091
18370
36595
31859
68454
20096
20826
17388
25829
37484
46655
84139
41600
34315
32479
44199
74079
78514
152593
30729
26942
22945
19537
53674
46479
100153
13650
13388
13243
15279
26893
28667
55560
21434
2830
15988
20940
37422
23770
61192
24052
23037
17643
26095
41695
49132
90827
52163
29772
38933
40477
91096
70249
161345
37702
36425
30886
41374
68588
77799
146387
89865
66197
69819
81851
159684
148048
307732
6677
4172
4128
4161
10805
8333
19138
4869
6060
4135
6540
9004
12600
21604
4982
585
3425
6043
8407
6628
15035
3318
3500
2278
4560
5596
8060
13656
11659
4757
7553
10204
19212
14961
34173
8187
9560
6413
11100
14600
20660
35260
19846
14317
13966
21304
33812
35621
69433
4550
5375
3779
3132
8329
8507
16836
4497
5331
5621
7718
10118
13049
23167
6998
1658
5485
7348
12483
9006
21489
5170
8992
4348
10912
9518
19904
29422
11548
7033
9264
10480
20812
17513
38325
9667
14323
9969
18630
19636
32953
52589
21215
21356
19233
29110
40448
50466
90914
6396
9781
5859
4007
12255
13788
26043
1091
1606
1253
1118
2344
2724
5068
7079
1512
5299
7641
12378
9153
21531
5591
9876
4995
6600
10586
16476
27062
13475
11293
11158
11648
24633
22941
47574
6682
11482
6248
7718
12930
19200
32130
20157
22775
17406
19366
37563
42141
79704
6316
6797
4096
6833
10412
13630
24042
5570
9040
5985
10498
11555
19538
31093
4938
1109
3520
6724
8458
7833
16291
6897
9706
5140
13178
12037
22884
34921
11254
7906
7616
13557
18870
21463
40333
12467
18746
11125
23676
23592
42422
66014
23721
26652
18741
37233
42462
63885
106347
13073
13953
9987
8168
23060
22121
45181
5960
7666
5388
7658
11348
15324
26672
12061
2097
8724
13684
20785
15781
36566
8909
13376
7273
11160
16182
24536
40718
25134
16050
18711
21852
43845
37902
81747
14869
21042
12661
18818
27530
39860
67390
40003
37092
31372
40670
71375
77762
149137
10866
12172
7875
9965
18741
22137
40878
10067
14371
11606
18216
21673
32587
54260
11936
2767
9005
14072
20941
16839
37780
12067
18698
9488
24090
21555
42788
64343
22802
14939
16880
24037
39682
38976
78658
22134
33069
21094
42306
43228
75375
118603
44936
48008
37974
66343
82910
114351
197261
23939
26125
17862
18133
41801
44258
86059
16027
22037
16994
25874
33021
47911
80932
23997
4864
17729
27756
41726
32620
74346
20976
32074
16761
35250
37737
67324
105061
47936
30989
35591
45889
83527
76878
160405
37003
54111
33755
61124
70758
115235
185993
84939
85100
69346
107013
154285
192113
346398
7700
5054
6012
4391
13712
9445
23157
6881
7361
6930
7442
13811
14803
28614
6583
900
5046
6484
11629
7384
19013
3768
3064
2743
4298
6511
7362
13873
14283
5954
11058
10875
25341
16829
42170
10649
10425
9673
11740
20322
22165
42487
24932
16379
20731
22615
45663
38994
84657
1034
1575
939
650
1973
2225
4198
914
1448
1237
1115
2151
2563
4714
1092
567
1133
1028
2225
1595
3820
857
1052
586
785
1443
1837
3280
2126
2142
2072
1678
4198
3820
8018
1771
2500
1823
1900
3594
4400
7994
3897
4642
3895
3578
7792
8220
16012
5588
6982
5835
3026
11423
10008
21431
907
1212
1181
863
2088
2075
4163
5482
1206
4551
5771
10033
6977
17010
4953
7190
5353
5285
10306
12475
22781
11070
8188
10386
8797
21456
16985
38441
5860
8402
6534
6148
12394
14550
26944
16930
16590
16920
14945
33850
31535
65385
6864
5811
4741
4288
11605
10099
21704
6300
7917
7689
9794
13989
17711
31700
5309
1281
3720
8423
9029
9704
18733
5372
5441
3909
8546
9281
13987
23268
12173
7092
8461
12711
20634
19803
40437
11672
13358
11598
18340
23270
31698
54968
23845
20450
20059
31051
43904
51501
95405
13288
12036
11847
7417
25135
19453
44588
7788
8573
8111
8305
15899
16878
32777
12065
2106
9597
12255
21662
14361
36023
8721
10254
8096
9583
16817
19837
36654
25353
14142
21444
19672
46797
33814
80611
16509
18827
16207
17888
32716
36715
69431
41862
32969
37651
37560
79513
70529
150042
7898
7386
5680
4938
13578
12324
25902
7214
9365
8926
10909
16140
20274
36414
6401
1848
4853
9451
11254
11299
22553
6229
6493
4495
9331
10724
15824
26548
14299
9234
10533
14389
24832
23623
48455
13443
15858
13421
20240
26864
36098
62962
27742
25092
23954
34629
51696
59721
111417
21186
19422
17527
12355
38713
31777
70490
15002
17938
17037
19214
32039
37152
69191
18466
3954
14450
21706
32916
25660
58576
14950
16747
12591
18914
27541
35661
63202
39652
23376
31977
34061
71629
57437
129066
29952
34685
29628
38128
59580
72813
132393
69604
58061
61605
72189
131209
130250
261459
8767
4709
5278
6544
14045
11253
25298
6555
6045
5026
8005
11581
14050
25631
6658
683
3902
6086
10560
6769
17329
5951
4657
3495
9507
9446
14164
23610
15425
5392
9180
12630
24605
18022
42627
12506
10702
8521
17512
21027
28214
49241
27931
16094
17701
30142
45632
46236
91868
5484
6287
4816
4316
10300
10603
20903
4859
6894
6326
9044
11185
15938
27123
6447
1173
5722
7638
12169
8811
20980
8218
8811
5131
10280
13349
19091
32440
11931
7460
10538
11954
22469
19414
41883
13077
15705
11457
19324
24534
35029
59563
25008
23165
21995
31278
47003
54443
101446
5603
6255
4956
3634
10559
9889
20448
1021
1008
862
829
1883
1837
3720
4725
787
3765
5252
8490
6039
14529
6059
8043
5017
6993
11076
15036
26112
10328
7042
8721
8886
19049
15928
34977
7080
9051
5879
7822
12959
16873
29832
17408
16093
14600
16708
32008
32801
64809
8039
9307
6018
8144
14057
17451
31508
6635
8160
6981
10137
13616
18297
31913
6444
1191
4719
9184
11163
10375
21538
11830
10266
8138
16876
19968
27142
47110
14483
10498
10737
17328
25220
27826
53046
18465
18426
15119
27013
33584
45439
79023
32948
28924
25856
44341
58804
73265
132069
14370
10964
10234
10178
24604
21142
45746
7576
7053
5888
8834
13464
15887
29351
11383
1470
7667
11338
19050
12808
31858
12010
12700
8512
16500
20522
29200
49722
25753
12434
17901
21516
43654
33950
77604
19586
19753
14400
25334
33986
45087
79073
45339
32187
32301
46850
77640
79037
156677
13523
15594
10834
12460
24357
28054
52411
11494
15054
13307
19181
24801
34235
59036
12891
2364
10441
16822
23332
19186
42518
20048
19077
13269
27156
33317
46233
79550
26414
17958
21275
29282
47689
47240
94929
31542
34131
26576
46337
58118
80468
138586
57956
52089
47851
75619
105807
127708
233515
27893
26558
21068
22638
48961
49196
98157
19070
22107
19195
28015
38265
50122
88387
24274
3834
18108
28160
42382
31994
74376
32058
31777
21781
43656
53839
75433
129272
52167
30392
39176
50798
91343
81190
172533
51128
53884
40976
71671
92104
125555
217659
103295
84276
80152
122469
183447
206745
390192
19347
12020
14118
11512
33465
23532
56997
11803
11204
10916
11810
22719
23014
45733
13323
1519
10097
12558
23420
14077
37497
9720
7217
6456
10144
16176
17361
33537
32670
13539
24215
24070
56885
37609
94494
21523
18421
17372
21954
38895
40375
79270
54193
31960
41587
46024
95780
77984
173764
7473
9400
5539
4805
13012
14205
27217
5769
7088
6592
6955
12361
14043
26404
7050
1448
5767
6812
12817
8260
21077
6989
7838
5660
7963
12649
15801
28450
14523
10848
11306
11617
25829
22465
48294
12758
14926
12252
14918
25010
29844
54854
27281
25774
23558
26535
50839
52309
103148
12420
14920
12425
7251
24845
22171
47016
1642
1865
1861
1339
3503
3204
6707
10922
1966
8646
10458
19568
12424
31992
10950
14140
10472
10140
21422
24280
45702
23342
16886
21071
17709
44413
34595
79008
12592
16005
12333
11479
24925
27484
52409
35934
32891
33404
29188
69338
62079
131417
12675
10024
8390
8324
21065
18348
39413
9438
11169
10911
14389
20349
25558
45907
8605
1851
5928
12818
14533
14669
29202
11343
10589
7646
16762
18989
27351
46340
21280
11875
14318
21142
35598
33017
68615
20781
21758
18557
31151
39338
52909
92247
42061
33633
32875
52293
74936
85926
160862
31767
26940
26543
18763
58310
45703
104013
13445
13069
12777
13149
26222
26218
52440
24245
3485
18743
23016
42988
26501
69489
20670
21357
16928
20284
37598
41641
79239
56012
30425
45286
41779
101298
72204
173502
34115
34426
29705
33433
63820
67859
131679
90127
64851
74991
75212
165118
140063
305181
20148
19424
13929
13129
34077
32553
66630
15207
18257
17503
21344
32710
39601
72311
15655
3299
11695
19630
27350
22929
50279
18332
18427
13306
24725
31638
43152
74790
35803
22723
25624
32759
61427
55482
116909
33539
36684
30809
46069
64348
82753
147101
69342
59407
56433
78828
125775
138235
264010
51915
46364
40472
31892
92387
78256
170643
28652
31326
30280
34493
58932
65819
124751
39900
6784
30438
42646
70338
49430
119768
39002
39784
30234
45009
69236
84793
154029
91815
53148
70910
74538
162725
127686
290411
67654
71110
60514
79502
128168
150612
278780
159469
124258
131424
154040
290893
278298
569191
15444
8881
9406
10705
24850
19586
44436
11424
12105
9161
14545
20585
26650
47235
11640
1268
7327
12129
18967
13397
32364
9269
8157
5773
14067
15042
22224
37266
27084
10149
16733
22834
43817
32983
76800
20693
20262
14934
28612
35627
48874
84501
47777
30411
31667
51446
79444
81857
161301
10034
11662
8595
7448
18629
19110
37739
9356
12225
11947
16762
21303
28987
50290
13445
2831
11207
14986
24652
17817
42469
13388
17803
9479
21192
22867
38995
61862
23479
14493
19802
22434
43281
36927
80208
22744
30028
21426
37954
44170
67982
112152
46223
44521
41228
60388
87451
104909
192360
11999
16036
10815
7641
22814
23677
46491
2112
2614
2115
1947
4227
4561
8788
11804
2299
9064
12893
20868
15192
36060
11650
17919
10012
13593
21662
31512
53174
23803
18335
19879
20534
43682
38869
82551
13762
20533
12127
15540
25889
36073
61962
37565
38868
32006
36074
69571
74942
144513
14355
16104
10114
14977
24469
31081
55550
12205
17200
12966
20635
25171
37835
63006
11382
2300
8239
15908
19621
18208
37829
18727
19972
13278
30054
32005
50026
82031
25737
18404
18353
30885
44090
49289
93379
30932
37172
26244
50689
57176
87861
145037
56669
55576
44597
81574
101266
137150
238416
27443
24917
20221
18346
47664
43263
90927
13536
14719
11276
16492
24812
31211
56023
23444
3567
16391
25022
39835
28589
68424
20919
26076
15785
27660
36704
53736
90440
50887
28484
36612
43368
87499
71852
159351
34455
40795
27061
44152
61516
84947
146463
85342
69279
63673
87520
149015
156799
305814
24389
27766
18709
22425
43098
50191
93289
21561
29425
24913
37397
46474
66822
113296
24827
5131
19446
30894
44273
36025
80298
32115
37775
22757
51246
54872
89021
143893
49216
32897
38155
53319
87371
86216
173587
53676
67200
47670
88643
101346
155843
257189
102892
100097
85825
141962
188717
242059
430776
51832
52683
38930
40771
90762
93454
184216
35097
44144
36189
53889
71286
98033
169319
48271
8698
35837
55916
84108
64614
148722
53034
63851
38542
78906
91576
142757
234333
100103
61381
74767
96687
174870
158068
332938
88131
107995
74731
132795
162862
240790
403652
188234
169376
149498
229482
337732
398858
736590
34791
20901
23524
22217
58315
43118
101433
23227
23309
20077
26355
43304
49664
92968
24963
2787
17424
24687
42387
27474
69861
18989
15374
12229
24211
31218
39585
70803
59754
23688
40948
46904
100702
70592
171294
42216
38683
32306
50566
74522
89249
163771
101970
62371
73254
97470
175224
159841
335065
17507
21062
14134
12253
31641
33315
64956
15125
19313
18539
23717
33664
43030
76694
20495
4279
16974
21798
37469
26077
63546
20377
25641
15139
29155
35516
54796
90312
38002
25341
31108
34051
69110
59392
128502
35502
44954
33678
52872
69180
97826
167006
73504
70295
64786
86923
138290
157218
295508
24419
30956
23240
14892
47659
45848
93507
3754
4479
3976
3286
7730
7765
15495
22726
4265
17710
23351
40436
27616
68052
22600
32059
20484
23733
43084
55792
98876
47145
35221
40950
38243
88095
73464
161559
26354
36538
24460
27019
50814
63557
114371
73499
71759
65410
65262
138909
137021
275930
27030
26128
18504
23301
45534
49429
94963
21643
28369
23877
35024
45520
63393
108913
19987
4151
14167
28726
34154
32877
67031
30070
30561
20924
46816
50994
77377
128371
47017
30279
32671
52027
79688
82306
161994
51713
58930
44801
81840
96514
140770
237284
98730
89209
77472
133867
176202
223076
399278
59210
51857
46764
37109
105974
88966
194940
26981
27788
24053
29641
51034
57429
108463
47689
7052
35134
48038
82823
55090
137913
41589
47433
32713
47944
74302
95377
169679
106899
58909
81898
85147
188797
144056
332853
68570
75221
56766
77585
125336
152806
278142
175469
134130
138664
162732
314133
296862
610995
44537
47190
32638
35554
77175
82744
159919
36768
47682
42416
58741
79184
106423
185607
40482
8430
31141
50524
71623
58954
130577
50447
56202
36063
75971
86510
132173
218683
85019
55620
63779
86078
148798
141698
290496
87215
103884
78479
134712
165694
238596
404290
172234
159504
142258
220790
314492
380294
694786
103747
99047
79402
72663
183149
171710
354859
63749
75470
66469
88382
130218
163852
294070
88171
15482
66275
98562
154446
114044
268490
92036
103635
68776
123915
160812
227550
388362
191918
114529
145677
171225
337595
285754
623349
155785
179105
135245
212297
291030
391402
682432
347703
293634
280922
383522
628625
677156
1305781
28067
16184
18907
16778
46974
32962
79936
12611
10766
10204
11435
22815
22201
45016
18556
1559
15888
15105
34444
16664
51108
14831
9527
8202
13874
23033
23401
46434
46623
17743
34795
31883
81418
49626
131044
27442
20293
18406
25309
45848
45602
91450
74065
38036
53201
57192
127266
95228
222494
14964
16231
10591
9653
25555
25884
51439
10301
13512
12154
13436
22455
26948
49403
15089
2103
11915
13854
27004
15957
42961
12813
14501
10144
15299
22957
29800
52757
30053
18334
22506
23507
52559
41841
94400
23114
28013
22298
28735
45412
56748
102160
53167
46347
44804
52242
97971
98589
196560
16601
19227
15491
10002
32092
29229
61321
1655
1778
1603
1256
3258
3034
6292
16692
2171
12440
13526
29132
15697
44829
13716
15875
11304
11647
25020
27522
52542
33293
21398
27931
23528
61224
44926
106150
15371
17653
12907
12903
28278
30556
58834
48664
39051
40838
36431
89502
75482
164984
13081
8783
10526
8539
23607
17322
40929
6823
7403
6863
9954
13686
17357
31043
8362
1236
5388
9808
13750
11044
24794
12214
9965
7596
16574
19810
26539
46349
21443
10019
15914
18347
37357
28366
65723
19037
17368
14459
26528
33496
43896
77392
40480
27387
30373
44875
70853
72262
143115
44668
35411
34398
26780
79066
62191
141257
14266
12544
11807
12691
26073
25235
51308
35248
3730
28328
28631
63576
32361
95937
28547
25402
19506
25521
48053
50923
98976
79916
39141
62726
55411
142642
94552
237194
42813
37946
31313
38212
74126
76158
150284
122729
77087
94039
93623
216768
170710
387478
28045
25014
21117
18192
49162
43206
92368
17124
20915
19017
23390
36141
44305
80446
23451
3339
17303
23662
40754
27001
67755
25027
24466
17740
31873
42767
56339
99106
51496
28353
38420
41854
89916
70207
160123
42151
45381
36757
55263
78908
100644
179552
93647
73734
75177
97117
168824
170851
339675
72713
60425
55515
44972
128228
105397
233625
31390
33459
30824
36081
62214
69540
131754
58699
7069
45631
52293
104330
59362
163692
53574
49868
37246
57394
90820
107262
198082
131412
67494
101146
97265
232558
164759
397317
84964
83327
68070
93475
153034
176802
329836
216376
150821
169216
190740
385592
341561
727153
13372
7702
7546
7485
20918
15187
36105
10699
10831
7854
11254
18553
22085
40638
9593
1088
6609
10074
16202
11162
27364
6398
6023
4077
8089
10475
14112
24587
22965
8790
14155
17559
37120
26349
63469
17097
16854
11931
19343
29028
36197
65225
40062
25644
26086
36902
66148
62546
128694
8073
9237
6101
5420
14174
14657
28831
7742
10026
9319
12531
17061
22557
39618
12128
2670
9479
11849
21607
14519
36126
8227
13964
6611
16170
14838
30134
44972
20201
11907
15580
17269
35781
29176
64957
15969
23990
15930
28701
31899
52691
84590
36170
35897
31510
45970
67680
81867
149547
11417
15599
9602
6808
21019
22407
43426
1885
2643
2078
1659
3963
4302
8265
12272
2430
9113
12173
21385
14603
35988
9255
15485
7950
10260
17205
25745
42950
23689
18029
18715
18981
42404
37010
79414
11140
18128
10028
11919
21168
30047
51215
34829
36157
28743
30900
63572
67057
130629
10614
10746
6522
10481
17136
21227
38363
9405
13395
9417
15588
18822
28983
47805
9025
1716
6174
10650
15199
12366
27565
11099
13904
7742
19045
18841
32949
51790
19639
12462
12696
21131
32335
33593
65928
20504
27299
17159
34633
37663
61932
99595
40143
39761
29855
55764
69998
95525
165523
24789
23301
17148
14293
41937
37594
79531
12584
13474
9932
12913
22516
26387
48903
21865
3518
15722
22247
37587
25765
63352
15653
21508
12027
18349
27680
39857
67537
46654
26819
32870
36540
79524
63359
142883
28237
34982
21959
31262
50196
66244
116440
74891
61801
54829
67802
129720
129603
259323
18687
19983
12623
15901
31310
35884
67194
17147
23421
18736
28119
35883
51540
87423
21153
4386
15653
22499
36806
26885
63691
19326
27868
14353
35215
33679
63083
96762
39840
24369
28276
38400
68116
62769
130885
36473
51289
33089
63334
69562
114623
184185
76313
75658
61365
101734
137678
177392
315070
43476
43284
29771
30194
73247
73478
146725
29731
36895
28668
41032
58399
77927
136326
43018
7904
31375
44746
74393
52650
127043
34979
49376
26380
53564
61359
102940
164299
86494
51188
61146
74940
147640
126128
273768
64710
86271
55048
94596
119758
180867
300625
151204
137459
116194
169536
267398
306995
574393
18035
11712
13741
9993
31776
21705
53481
15810
16962
15496
16151
31306
33113
64419
17191
2189
13958
14526
31149
16715
47864
8386
7319
6121
9408
14507
16727
31234
35226
13901
27699
24519
62925
38420
101345
24196
24281
21617
25559
45813
49840
95653
59422
38182
49316
50078
108738
88260
196998
1991
2789
1737
1272
3728
4061
7789
1696
2938
2477
2119
4173
5057
9230
2296
1092
2555
2066
4851
3158
8009
1497
2218
1137
1573
2634
3791
6425
4287
3881
4292
3338
8579
7219
15798
3193
5156
3614
3692
6807
8848
15655
7480
9037
7906
7030
15386
16067
31453
13707
16562
13368
7361
27075
23923
50998
1940
2750
2580
1892
4520
4642
9162
12879
2831
10369
13754
23248
16585
39833
10799
16797
11170
11324
21969
28121
50090
26586
19393
23737
21115
50323
40508
90831
12739
19547
13750
13216
26489
32763
59252
39325
38940
37487
34331
76812
73271
150083
14620
12058
10806
8730
25426
20788
46214
12861
16777
15731
19001
28592
35778
64370
12445
2782
9451
16540
21896
19322
41218
9803
11748
8108
16572
17911
28320
46231
27065
14840
20257
25270
47322
40110
87432
22664
28525
23839
35573
46503
64098
110601
49729
43365
44096
60843
93825
104208
198033
31742
28274
27109
17354
58851
45628
104479
17750
19712
18076
18043
35826
37755
73581
30070
5020
24327
28280
54397
33300
87697
19185
24116
17291
20732
36476
44848
81324
61812
33294
51436
45634
113248
78928
192176
36935
43828
35367
38775
72302
82603
154905
98747
77122
86803
84409
185550
161531
347081
16611
14847
12543
10002
29154
24849
54003
14557
19715
18208
21120
32765
40835
73600
14741
3874
12006
18606
26747
22480
49227
11300
13966
9245
18145
20545
32111
52656
31352
18721
24549
28608
55901
47329
103230
25857
33681
27453
39265
53310
72946
126256
57209
52402
52002
67873
109211
120275
229486
48353
43121
39652
27356
88005
70477
158482
32307
39427
36284
39163
68591
78590
147181
44811
8894
36333
46886
81144
55780
136924
30485
38082
26536
38877
57021
76959
133980
93164
52015
75985
74242
169149
126257
295406
62792
77509
62820
78040
125612
155549
281161
155956
129524
138805
152282
294761
281806
576567
20466
9419
10936
12171
31402
21590
52992
12316
10850
9411
13907
21727
24757
46484
15993
1451
8364
12863
24357
14314
38671
11295
8191
6387
14989
17682
23180
40862
36459
10870
19300
25034
55759
35904
91663
23611
19041
15798
28896
39409
47937
87346
60070
29911
35098
53930
95168
83841
179009
11072
12368
8924
8242
19996
20610
40606
9090
13153
12158
16886
21248
30039
51287
13915
2396
12060
15204
25975
17600
43575
15810
17130
9682
18753
25492
35883
61375
24987
14764
20984
23446
45971
38210
84181
24900
30283
21840
35639
46740
65922
112662
49887
45047
42824
59085
92711
104132
196843
11739
13034
9412
7056
21151
20090
41241
2301
2067
1739
1625
4040
3692
7732
9150
1736
7897
10587
17047
12323
29370
12419
16222
10797
13009
23216
29231
52447
20889
14770
17309
17643
38198
32413
70611
14720
18289
12536
14634
27256
32923
60179
35609
33059
29845
32277
65454
65336
130790
14688
14888
10812
13124
25500
28012
53512
11504
13729
11542
16839
23046
30568
53614
11424
2011
8348
15451
19772
17462
37234
20391
18014
13790
28065
34181
46079
80260
26112
16899
19160
28575
45272
45474
90746
31895
31743
25332
44904
57227
76647
133874
58007
48642
44492
73479
102499
122121
224620
32205
22453
20348
19227
52553
41680
94233
14617
12917
11150
15532
25767
28449
54216
25143
3187
16261
23450
41404
26637
68041
23714
24413
17184
27998
40898
52411
93309
57348
25640
36609
42677
93957
68317
162274
38331
37330
28334
43530
66665
80860
147525
95679
62970
64943
86207
160622
149177
309799
25760
27256
19736
21366
45496
48622
94118
20594
26882
23700
33725
44294
60607
104901
25339
4407
20408
30655
45747
35062
80809
36201
35144
23472
46818
59673
81962
141635
51099
31663
40144
52021
91243
83684
174927
56795
62026
47172
80543
103967
142569
246536
107894
93689
87316
132564
195210
226253
421463
57965
49709
40084
40593
98049
90302
188351
35211
39799
34850
49257
70061
89056
159117
50482
7594
36669
54105
87151
61699
148850
59915
59557
40656
74816
100571
134373
234944
108447
57303
76753
94698
185200
152001
337201
95126
99356
75506
124073
170632
223429
394061
203573
156659
152259
218771
355832
375430
731262
46102
27896
32648
26771
78750
54667
133417
28421
27728
25700
27586
54121
55314
109435
35747
3748
29846
29631
65593
33379
98972
23217
16846
14323
23282
37540
40128
77668
81849
31644
62494
56402
144343
88046
232389
51638
44574
40023
50868
91661
95442
187103
133487
76218
102517
107270
236004
183488
419492
16955
19020
12328
10925
29283
29945
59228
11997
16450
14631
15555
26628
32005
58633
17385
3195
14470
15920
31855
19115
50970
14310
16719
11281
16872
25591
33591
59182
34340
22215
26798
26845
61138
49060
110198
26307
33169
25912
32427
52219
65596
117815
60647
55384
52710
59272
113357
114656
228013
30308
35789
28859
17363
59167
53152
112319
3595
4528
4183
3148
7778
7676
15454
29571
5002
22809
27280
52380
32282
84662
24515
32672
22474
22971
46989
55643
102632
59879
40791
51668
44643
111547
85434
196981
28110
37200
26657
26119
54767
63319
118086
87989
77991
78325
70762
166314
148753
315067
27701
20841
21332
17269
49033
38110
87143
19684
24180
22594
28955
42278
53135
95413
20807
4018
14839
26348
35646
30366
66012
22017
21713
15704
33146
37721
54859
92580
48508
24859
36171
43617
84679
68476
153155
41701
45893
38298
62101
79999
107994
187993
90209
70752
74469
105718
164678
176470
341148
76410
63685
61507
44134
137917
107819
245736
32016
32256
29883
30734
61899
62990
124889
65318
8750
52655
56911
117973
65661
183634
47732
49518
36797
46253
84529
95771
180300
141728
72435
114162
101045
255890
173480
429370
79748
81774
66680
76987
146428
158761
305189
221476
154209
180842
178032
402318
332241
734559
44656
39861
33660
28194
78316
68055
146371
31681
40630
37225
44510
68906
85140
154046
38192
7213
29309
42268
67501
49481
116982
36327
38432
26985
50018
63312
88450
151762
82848
47074
62969
70462
145817
117536
263353
68008
79062
64210
94528
132218
173590
305808
150856
126136
127179
164990
278035
291126
569161
121066
103546
95167
72328
216233
175874
392107
63697
72886
67108
75244
130805
148130
278935
103510
15963
81964
99179
185474
115142
300616
84059
87950
63782
96271
147841
184221
332062
224576
119509
177131
171507
401707
291016
692723
147756
160836
130890
171515
278646
332351
610997
372332
280345
308021
343022
680353
623367
1303720
33838
17121
18482
19656
52320
36777
89097
23015
21681
17265
25161
40280
46842
87122
25586
2539
14973
22937
40559
25476
66035
17693
14214
10464
23078
28157
37292
65449
59424
19660
33455
42593
92879
62253
155132
40708
35895
27729
48239
68437
84134
152571
100132
55555
61184
90832
161316
146387
307703
19145
21605
15025
13662
34170
35267
69437
16832
23179
21477
29417
38309
52596
90905
26043
5066
21539
27053
47582
32119
79701
24037
31094
16293
34923
40330
66017
106347
45188
26671
36564
40715
81752
67386
149138
40869
54273
37770
64340
78639
118613
197252
86057
80944
74334
105055
160391
185999
346390
23156
28633
19014
13864
42170
42497
84667
4186
4710
3817
3284
8003
7994
15997
21422
4166
17010
22760
38432
26926
65358
21674
31707
18747
23269
40421
54976
95397
44578
32799
36024
36624
80602
69423
150025
25860
36417
22564
26553
48424
62970
111394
70438
69216
58588
63177
129026
132393
261419
25302
25634
17334
23605
42636
49239
91875
20909
27124
20959
32427
41868
59551
101419
20449
3727
14522
26101
34971
29828
64799
31490
31918
21532
47110
53022
79028
132050
45751
29361
31856
49706
77607
79067
156674
52399
59042
42491
79537
94890
138579
233469
98150
88403
74347
129243
172497
217646
390143
56994
45754
37496
33520
94490
79274
173764
27201
26391
21082
28445
48283
54836
103119
47008
6705
31983
45697
78991
52402
131393
39367
45921
29211
46347
68578
92268
160846
104002
52459
69479
79217
173481
131676
305157
66568
72312
50293
74792
116861
147104
263965
170570
124771
119772
154009
290342
278780
569122
44447
47239
32359
37267
76806
84506
161312
37741
50303
42436
61844
80177
112147
192324
46492
8793
36061
53154
82553
61947
144500
55527
63012
37825
82033
93352
145045
238397
90939
56032
68420
90421
159359
146453
305812
93268
113315
80261
143877
173529
257192
430721
184207
169347
148681
234298
332888
403645
736533
101441
92993
69855
70787
171296
163780
335076
64942
76694
63518
90289
128460
166983
295443
93500
15498
68044
98851
161544
114349
275893
94894
108933
67036
128380
161930
237313
399243
194941
108491
137899
169638
332840
278129
610969
159836
185627
130554
218669
290390
404296
694686
354777
294118
268453
388307
623230
682425
1305655
79940
45017
51130
46427
131070
91444
222514
51436
49409
42965
52747
94401
102156
196557
61333
6287
44819
52568
106152
58855
165007
40910
31060
24787
46360
65697
77420
143117
141273
51304
95949
98995
237222
150299
387521
92346
80469
67752
99107
160098
179576
339674
233619
131773
163701
198102
397320
329875
727195
36100
40625
27353
24587
63453
65212
128665
28829
39629
36108
44972
64937
84601
149538
43428
8261
36009
42973
79437
51234
130671
38347
47813
27574
51795
65921
99608
165529
79528
48886
63362
67560
142890
116446
259336
67176
87442
63682
96767
130858
184209
315067
146704
136328
127044
164327
273748
300655
574403
53464
64422
47873
31227
101337
95649
196986
7781
9238
8000
6432
15781
15670
31451
50993
9168
39819
50040
90812
59208
150020
46189
64379
41221
46240
87410
110619
198029
104457
73590
87692
81267
192149
154857
347006
53970
73617
49221
52672
103191
126289
229480
158427
147207
136913
133939
295340
281146
576486
53003
46475
38666
40874
91669
87349
179018
40593
51304
43553
61382
84146
112686
196832
41256
7745
29361
52449
70617
60194
130811
53507
53631
37236
80256
90743
133887
224630
94259
54220
68027
93323
162286
147543
309829
94100
104935
80789
141638
174889
246573
421462
188359
159155
148816
234961
337175
394116
731291
133404
109439
99003
77654
232407
187093
419500
59217
58647
50965
59179
110182
117826
228008
112326
15455
84638
102608
196964
118063
315027
87099
95439
66008
92600
153107
188039
341146
245730
124894
183641
180262
429371
305156
734527
146316
154086
116973
151779
263289
305865
569154
392046
278980
300614
332041
692660
611021
1303681
89103
87100
66019
65461
155122
152561
307683
69422
90933
79661
106354
149083
197287
346370
84684
16006
65370
95422
150054
111428
261482
91854
101444
64810
132051
156664
233495
390159
173787
103106
131389
160883
305176
263989
569165
161276
192377
144471
238405
305747
430782
736529
335063
295483
275860
399288
610923
694771
1305694
222507
196539
165022
143115
387529
339654
727183
128639
149580
130626
165533
259265
315113
574378
197010
31461
150008
198030
347018
229491
576509
178953
196883
130818
224651
309771
421534
731305
419517
228000
315030
341145
734547
569145
1303692
307592
346463
261444
390184
569036
736647
1305683
727109
574463
576474
731329
1303583
1305792
2609375
